<?xml version="1.0" encoding="utf-8"?>
<COLLADA xmlns="http://www.collada.org/2005/11/COLLADASchema" version="1.4.1">
  <asset><contributor><author>Mixamo</author><authoring_tool>COLLADA Mixamo exporter</authoring_tool><comments></comments></contributor><created>2018-06-07T18:34:50Z</created><modified>2018-06-07T18:34:50Z</modified><revision></revision><title></title><unit meter="0.010000"/><up_axis>Y_UP</up_axis></asset>
  <library_animations>
    <animation id="swat_Hips-anim" name="swat_Hips"><source id="swat_Hips-Matrix-animation-input"><float_array id="swat_Hips-Matrix-animation-input-array" count="33">

0.000000 0.033333 0.066667 0.100000 0.133333 0.166667 0.200000 0.233333 0.266667 0.300000 0.333333 0.366667 0.400000 0.433333 0.466667 0.500000
0.533333 0.566667 0.600000 0.633333 0.666667 0.700000 0.733333 0.766667 0.800000 0.833333 0.866667 0.900000 0.933333 0.966667 1.000000 1.033333
1.066667</float_array><technique_common><accessor source="#swat_Hips-Matrix-animation-input-array" count="33"><param name="TIME" type="float"/></accessor></technique_common></source><source id="swat_Hips-Matrix-animation-output-transform"><float_array id="swat_Hips-Matrix-animation-output-transform-array" count="528">

0.608878 -0.315510 -0.727820 2.201636 -0.017989 0.911772 -0.410302 70.418030 0.793060 0.262917 0.549482 -1.980861 0.000000 0.000000 0.000000 1.000000
0.622744 -0.312496 -0.717312 3.641663 -0.014322 0.912073 -0.409778 70.290260 0.782295 0.265460 0.563512 -2.134840 0.000000 0.000000 0.000000 1.000000
0.635600 -0.306635 -0.708511 5.068990 -0.014247 0.912923 -0.407883 69.855927 0.771887 0.269344 0.575885 -2.234084 0.000000 0.000000 0.000000 1.000000
0.642615 -0.299762 -0.705116 6.381893 -0.018138 0.914080 -0.405128 69.286423 0.765974 0.273131 0.581965 -2.124493 0.000000 0.000000 0.000000 1.000000
0.637366 -0.292999 -0.712683 7.425572 -0.027012 0.915823 -0.400672 68.615791 0.770088 0.274625 0.575800 -1.575107 0.000000 0.000000 0.000000 1.000000
0.624055 -0.287083 -0.726732 8.255667 -0.037224 0.918083 -0.394637 67.918610 0.780494 0.273327 0.562248 -0.725026 0.000000 0.000000 0.000000 1.000000
0.602428 -0.282053 -0.746677 8.762797 -0.048603 0.920783 -0.387035 67.254082 0.796692 0.269451 0.540997 0.486812 0.000000 0.000000 0.000000 1.000000
0.578974 -0.277778 -0.766569 8.995719 -0.059008 0.923436 -0.379189 66.631767 0.813208 0.264774 0.518254 1.817054 0.000000 0.000000 0.000000 1.000000
0.555601 -0.274105 -0.784967 8.899902 -0.068104 0.925920 -0.371529 66.081093 0.828655 0.259881 0.495775 3.218920 0.000000 0.000000 0.000000 1.000000
0.530645 -0.270146 -0.803391 8.484675 -0.078613 0.928077 -0.363997 65.480980 0.843940 0.256310 0.471243 4.628795 0.000000 0.000000 0.000000 1.000000
0.510789 -0.267281 -0.817102 8.016451 -0.086580 0.929618 -0.358210 65.038879 0.855335 0.253714 0.451697 5.915136 0.000000 0.000000 0.000000 1.000000
0.501208 -0.267008 -0.823102 7.822668 -0.089232 0.930185 -0.356080 64.898781 0.860714 0.251917 0.442391 6.983585 0.000000 0.000000 0.000000 1.000000
0.497815 -0.268648 -0.824626 7.824691 -0.089846 0.929725 -0.357126 64.924225 0.862617 0.251872 0.438694 7.885692 0.000000 0.000000 0.000000 1.000000
0.501306 -0.270153 -0.822015 7.998170 -0.092241 0.927911 -0.361209 65.140991 0.860339 0.256900 0.440249 8.663111 0.000000 0.000000 0.000000 1.000000
0.511413 -0.269459 -0.815995 8.134412 -0.101046 0.924122 -0.368494 65.991898 0.853374 0.270905 0.445380 9.534229 0.000000 0.000000 0.000000 1.000000
0.523868 -0.269757 -0.807957 8.448416 -0.110479 0.918999 -0.378465 66.884674 0.844605 0.287528 0.451631 10.350147 0.000000 0.000000 0.000000 1.000000
0.535863 -0.273162 -0.798895 9.016793 -0.117143 0.913011 -0.390755 67.767151 0.836139 0.302976 0.457250 11.016003 0.000000 0.000000 0.000000 1.000000
0.545742 -0.278409 -0.790351 9.864260 -0.122400 0.906589 -0.403873 68.604652 0.828966 0.317149 0.460686 11.445338 0.000000 0.000000 0.000000 1.000000
0.555043 -0.284643 -0.781605 10.892959 -0.126889 0.899661 -0.417744 69.360085 0.822087 0.331043 0.463232 11.436113 0.000000 0.000000 0.000000 1.000000
0.565707 -0.291639 -0.771312 11.746234 -0.128407 0.892804 -0.431755 69.963112 0.814547 0.343289 0.467617 11.084295 0.000000 0.000000 0.000000 1.000000
0.577547 -0.298868 -0.759682 12.385352 -0.126686 0.886490 -0.445069 70.424423 0.806468 0.353289 0.474127 10.593197 0.000000 0.000000 0.000000 1.000000
0.590871 -0.305350 -0.746748 12.650190 -0.121351 0.881437 -0.456446 70.704636 0.797587 0.360319 0.483761 9.968332 0.000000 0.000000 0.000000 1.000000
0.606671 -0.309224 -0.732346 12.350663 -0.111242 0.879158 -0.463365 70.757599 0.787131 0.362578 0.498961 9.165718 0.000000 0.000000 0.000000 1.000000
0.625235 -0.310237 -0.716124 11.525370 -0.094949 0.880540 -0.464364 70.605293 0.774639 0.358332 0.521088 8.207777 0.000000 0.000000 0.000000 1.000000
0.647871 -0.305753 -0.697695 10.004563 -0.067011 0.889484 -0.452027 70.217491 0.758797 0.339608 0.555782 7.009194 0.000000 0.000000 0.000000 1.000000
0.666738 -0.297596 -0.683299 8.235620 -0.039326 0.901495 -0.430999 69.795639 0.744254 0.314234 0.589358 5.782344 0.000000 0.000000 0.000000 1.000000
0.670621 -0.290297 -0.682639 6.486131 -0.030281 0.908766 -0.416207 69.379341 0.741182 0.299788 0.600647 4.691483 0.000000 0.000000 0.000000 1.000000
0.661763 -0.285139 -0.693372 4.866374 -0.034993 0.912095 -0.408483 69.116028 0.748896 0.294582 0.593613 3.712580 0.000000 0.000000 0.000000 1.000000
0.645911 -0.285082 -0.708186 3.494885 -0.041277 0.913259 -0.405282 69.101997 0.762296 0.291008 0.578117 2.743841 0.000000 0.000000 0.000000 1.000000
0.630522 -0.291120 -0.719508 2.709480 -0.041413 0.913057 -0.405723 69.250633 0.775066 0.285615 0.563646 1.727851 0.000000 0.000000 0.000000 1.000000
0.620718 -0.298640 -0.724930 2.350123 -0.036513 0.912601 -0.407217 69.554077 0.783183 0.279236 0.555564 0.668509 0.000000 0.000000 0.000000 1.000000
0.615166 -0.305434 -0.726829 2.234005 -0.029654 0.912290 -0.408469 69.918297 0.787840 0.272830 0.552153 -0.398118 0.000000 0.000000 0.000000 1.000000
0.610824 -0.312288 -0.727578 2.195916 -0.021759 0.911963 -0.409696 70.273796 0.791467 0.266083 0.550254 -1.460451 0.000000 0.000000 0.000000 1.000000</float_array><technique_common><accessor source="#swat_Hips-Matrix-animation-output-transform-array" count="33" stride="16"><param type="float4x4"/></accessor></technique_common></source><source id="swat_Hips-Interpolations"><Name_array id="swat_Hips-Interpolations-array" count="33">
 LINEAR LINEAR LINEAR LINEAR LINEAR LINEAR LINEAR LINEAR LINEAR LINEAR LINEAR
LINEAR LINEAR LINEAR LINEAR LINEAR LINEAR LINEAR LINEAR LINEAR LINEAR LINEAR LINEAR
LINEAR LINEAR LINEAR LINEAR LINEAR LINEAR LINEAR LINEAR LINEAR LINEAR</Name_array><technique_common><accessor source="#swat_Hips-Interpolations-array" count="33"><param type="name"/></accessor></technique_common></source><sampler id="swat_Hips-Matrix-animation-transform"><input semantic="INPUT" source="#swat_Hips-Matrix-animation-input"/><input semantic="OUTPUT" source="#swat_Hips-Matrix-animation-output-transform"/><input semantic="INTERPOLATION" source="#swat_Hips-Interpolations"/></sampler><channel source="#swat_Hips-Matrix-animation-transform" target="swat_Hips/matrix"/></animation>
    <animation id="swat_Spine-anim" name="swat_Spine"><source id="swat_Spine-Matrix-animation-input"><float_array id="swat_Spine-Matrix-animation-input-array" count="33">

0.000000 0.033333 0.066667 0.100000 0.133333 0.166667 0.200000 0.233333 0.266667 0.300000 0.333333 0.366667 0.400000 0.433333 0.466667 0.500000
0.533333 0.566667 0.600000 0.633333 0.666667 0.700000 0.733333 0.766667 0.800000 0.833333 0.866667 0.900000 0.933333 0.966667 1.000000 1.033333
1.066667</float_array><technique_common><accessor source="#swat_Spine-Matrix-animation-input-array" count="33"><param name="TIME" type="float"/></accessor></technique_common></source><source id="swat_Spine-Matrix-animation-output-transform"><float_array id="swat_Spine-Matrix-animation-output-transform-array" count="528">

0.997387 0.060154 -0.040009 0.000000 -0.071359 0.906693 -0.415710 9.226300 0.011270 0.417479 0.908617 1.577100 0.000000 0.000000 0.000000 1.000000
0.998077 0.047310 -0.040063 -0.000000 -0.059681 0.908124 -0.414425 9.226300 0.016776 0.416019 0.909201 1.577100 0.000000 0.000000 0.000000 1.000000
0.998751 0.033603 -0.036968 -0.000000 -0.045886 0.909661 -0.412810 9.226300 0.019757 0.413991 0.910067 1.577100 0.000000 0.000000 0.000000 1.000000
0.999331 0.021301 -0.029717 -0.000000 -0.031665 0.910562 -0.412158 9.226300 0.018280 0.412823 0.910628 1.577100 0.000000 0.000000 0.000000 1.000000
0.999698 0.011407 -0.021763 0.000000 -0.019350 0.911347 -0.411185 9.226300 0.015143 0.411482 0.911292 1.577100 0.000000 0.000000 0.000000 1.000000
0.999845 0.005525 -0.016744 0.000000 -0.011876 0.912935 -0.407931 9.226300 0.013032 0.408067 0.912859 1.577100 0.000000 0.000000 0.000000 1.000000
0.999874 0.008093 -0.013662 -0.000000 -0.012872 0.916886 -0.398941 9.226300 0.009298 0.399066 0.916875 1.577100 0.000000 0.000000 0.000000 1.000000
0.999785 0.017783 -0.010673 0.000000 -0.020526 0.922217 -0.386127 9.226300 0.002977 0.386263 0.922384 1.577100 0.000000 0.000000 0.000000 1.000000
0.999365 0.035037 -0.006546 -0.000000 -0.034971 0.928369 -0.370012 9.226300 -0.006887 0.370005 0.929004 1.577100 0.000000 0.000000 0.000000 1.000000
0.998538 0.053945 0.003351 0.000000 -0.049179 0.932541 -0.357699 9.226300 -0.022422 0.357011 0.933831 1.577100 0.000000 0.000000 0.000000 1.000000
0.997428 0.070621 0.012265 0.000000 -0.061848 0.934428 -0.350742 9.226300 -0.036230 0.349081 0.936392 1.577100 0.000000 0.000000 0.000000 1.000000
0.996410 0.083065 0.016340 0.000000 -0.072118 0.933953 -0.350043 9.226300 -0.044337 0.347608 0.936591 1.577100 0.000000 0.000000 0.000000 1.000000
0.995426 0.093704 0.018607 0.000000 -0.081209 0.932550 -0.351790 9.226300 -0.050316 0.348670 0.935894 1.577100 0.000000 0.000000 0.000000 1.000000
0.995069 0.097807 0.016462 -0.000000 -0.085687 0.931330 -0.353952 9.226300 -0.049950 0.350797 0.935119 1.577100 0.000000 0.000000 0.000000 1.000000
0.995592 0.092884 0.013003 0.000000 -0.082115 0.930230 -0.357672 9.226300 -0.045318 0.355027 0.933757 1.577100 0.000000 0.000000 0.000000 1.000000
0.996058 0.088266 0.008792 -0.000000 -0.079141 0.929073 -0.361331 9.226300 -0.040061 0.359211 0.932396 1.577100 0.000000 0.000000 0.000000 1.000000
0.996282 0.086052 0.004117 0.000000 -0.078622 0.927710 -0.364929 9.226300 -0.035222 0.363249 0.931026 1.577100 0.000000 0.000000 0.000000 1.000000
0.996608 0.082301 0.000040 0.000000 -0.076333 0.924520 -0.373413 9.226300 -0.030769 0.372143 0.927665 1.577100 0.000000 0.000000 0.000000 1.000000
0.997366 0.072495 -0.002238 -0.000000 -0.067584 0.917722 -0.391431 9.226300 -0.026323 0.390551 0.920205 1.577100 0.000000 0.000000 0.000000 1.000000
0.998139 0.060843 -0.004023 0.000000 -0.057118 0.909861 -0.410963 9.226300 -0.021344 0.410428 0.911643 1.577100 0.000000 0.000000 0.000000 1.000000
0.998732 0.049839 -0.007060 0.000000 -0.048057 0.902344 -0.428330 9.226300 -0.014977 0.428126 0.903595 1.577100 0.000000 0.000000 0.000000 1.000000
0.999142 0.040045 -0.010527 -0.000000 -0.040592 0.897127 -0.439905 9.226300 -0.008172 0.439955 0.897983 1.577100 0.000000 0.000000 0.000000 1.000000
0.999440 0.030892 -0.012871 -0.000000 -0.033395 0.895459 -0.443889 9.226300 -0.002187 0.444071 0.895989 1.577100 0.000000 0.000000 0.000000 1.000000
0.999694 0.020268 -0.014190 -0.000000 -0.024461 0.895777 -0.443830 9.226300 0.003715 0.444041 0.895999 1.577100 0.000000 0.000000 0.000000 1.000000
0.999763 0.012208 -0.018013 0.000000 -0.018933 0.896057 -0.443534 9.226300 0.010726 0.443770 0.896076 1.577100 0.000000 0.000000 0.000000 1.000000
0.999781 -0.001186 -0.020897 0.000000 -0.008196 0.896482 -0.443004 9.226300 0.019259 0.443078 0.896276 1.577100 0.000000 0.000000 0.000000 1.000000
0.999685 -0.014653 -0.020359 0.000000 0.004327 0.900207 -0.435440 9.226300 0.024708 0.435215 0.899987 1.577100 0.000000 0.000000 0.000000 1.000000
0.999613 -0.021322 -0.017870 -0.000000 0.011760 0.905985 -0.423147 9.226300 0.025212 0.422773 0.905885 1.577100 0.000000 0.000000 0.000000 1.000000
0.999713 -0.016535 -0.017325 0.000000 0.007960 0.911673 -0.410840 9.226300 0.022588 0.410584 0.911543 1.577100 0.000000 0.000000 0.000000 1.000000
0.999794 -0.000484 -0.020290 -0.000000 -0.007762 0.914596 -0.404295 9.226300 0.018753 0.404369 0.914404 1.577100 0.000000 0.000000 0.000000 1.000000
0.999535 0.017218 -0.025160 0.000000 -0.025914 0.914560 -0.403619 9.226300 0.016061 0.404084 0.914581 1.577100 0.000000 0.000000 0.000000 1.000000
0.998940 0.034617 -0.030354 -0.000000 -0.044001 0.911877 -0.408098 9.226300 0.013552 0.409000 0.912434 1.577100 0.000000 0.000000 0.000000 1.000000
0.997982 0.051837 -0.036668 0.000000 -0.062375 0.908353 -0.413527 9.226300 0.011872 0.414980 0.909753 1.577100 0.000000 0.000000 0.000000 1.000000</float_array><technique_common><accessor source="#swat_Spine-Matrix-animation-output-transform-array" count="33" stride="16"><param type="float4x4"/></accessor></technique_common></source><source id="swat_Spine-Interpolations"><Name_array id="swat_Spine-Interpolations-array" count="33">
 LINEAR LINEAR LINEAR LINEAR LINEAR LINEAR LINEAR LINEAR LINEAR LINEAR LINEAR
LINEAR LINEAR LINEAR LINEAR LINEAR LINEAR LINEAR LINEAR LINEAR LINEAR LINEAR LINEAR
LINEAR LINEAR LINEAR LINEAR LINEAR LINEAR LINEAR LINEAR LINEAR LINEAR</Name_array><technique_common><accessor source="#swat_Spine-Interpolations-array" count="33"><param type="name"/></accessor></technique_common></source><sampler id="swat_Spine-Matrix-animation-transform"><input semantic="INPUT" source="#swat_Spine-Matrix-animation-input"/><input semantic="OUTPUT" source="#swat_Spine-Matrix-animation-output-transform"/><input semantic="INTERPOLATION" source="#swat_Spine-Interpolations"/></sampler><channel source="#swat_Spine-Matrix-animation-transform" target="swat_Spine/matrix"/></animation>
    <animation id="swat_Spine1-anim" name="swat_Spine1"><source id="swat_Spine1-Matrix-animation-input"><float_array id="swat_Spine1-Matrix-animation-input-array" count="33">

0.000000 0.033333 0.066667 0.100000 0.133333 0.166667 0.200000 0.233333 0.266667 0.300000 0.333333 0.366667 0.400000 0.433333 0.466667 0.500000
0.533333 0.566667 0.600000 0.633333 0.666667 0.700000 0.733333 0.766667 0.800000 0.833333 0.866667 0.900000 0.933333 0.966667 1.000000 1.033333
1.066667</float_array><technique_common><accessor source="#swat_Spine1-Matrix-animation-input-array" count="33"><param name="TIME" type="float"/></accessor></technique_common></source><source id="swat_Spine1-Matrix-animation-output-transform"><float_array id="swat_Spine1-Matrix-animation-output-transform-array" count="528">

0.998856 -0.003422 -0.047689 0.000000 -0.003100 0.990700 -0.136028 16.254000 0.047711 0.136021 0.989556 -0.165600 0.000000 0.000000 0.000000 1.000000
0.998975 0.001354 -0.045248 0.000000 -0.007406 0.990974 -0.133846 16.254000 0.044659 0.134044 0.989969 -0.165600 0.000000 0.000000 0.000000 1.000000
0.999086 0.006028 -0.042320 -0.000000 -0.011562 0.991215 -0.131755 16.254000 0.041154 0.132124 0.990378 -0.165600 0.000000 0.000000 0.000000 1.000000
0.999245 0.010560 -0.037381 -0.000000 -0.015349 0.991364 -0.130241 16.254000 0.035683 0.130717 0.990777 -0.165600 0.000000 0.000000 0.000000 1.000000
0.999455 0.015388 -0.029198 0.000000 -0.019079 0.991243 -0.130669 16.254000 0.026932 0.131155 0.990996 -0.165600 0.000000 0.000000 0.000000 1.000000
0.999602 0.020676 -0.019216 -0.000000 -0.023051 0.990853 -0.132960 16.254000 0.016291 0.133350 0.990935 -0.165600 0.000000 0.000000 0.000000 1.000000
0.999620 0.026474 -0.007678 0.000000 -0.027279 0.990109 -0.137620 16.254000 0.003959 0.137777 0.990455 -0.165600 0.000000 0.000000 0.000000 1.000000
0.999481 0.032035 0.003436 -0.000000 -0.031215 0.989232 -0.142992 16.254000 -0.007980 0.142810 0.989718 -0.165600 0.000000 0.000000 0.000000 1.000000
0.999241 0.036724 0.013029 -0.000000 -0.034388 0.988332 -0.148385 16.254000 -0.018326 0.147824 0.988844 -0.165600 0.000000 0.000000 0.000000 1.000000
0.998977 0.040170 0.020753 0.000000 -0.036537 0.987579 -0.152819 16.254000 -0.026634 0.151905 0.988036 -0.165600 0.000000 0.000000 0.000000 1.000000
0.998799 0.041820 0.025539 -0.000000 -0.037349 0.987097 -0.155705 16.254000 -0.031721 0.154564 0.987473 -0.165600 0.000000 0.000000 0.000000 1.000000
0.998765 0.041640 0.027086 0.000000 -0.036897 0.986952 -0.156728 16.254000 -0.033259 0.155535 0.987270 -0.165600 0.000000 0.000000 0.000000 1.000000
0.998832 0.040356 0.026555 0.000000 -0.035720 0.987039 -0.156457 16.254000 -0.032525 0.155325 0.987328 -0.165600 0.000000 0.000000 0.000000 1.000000
0.998951 0.038478 0.024830 0.000000 -0.034167 0.987269 -0.155348 16.254000 -0.030491 0.154337 0.987548 -0.165600 0.000000 0.000000 0.000000 1.000000
0.999087 0.036305 0.022503 -0.000000 -0.032426 0.987594 -0.153647 16.254000 -0.027802 0.152778 0.987869 -0.165600 0.000000 0.000000 0.000000 1.000000
0.999229 0.033829 0.019916 0.000000 -0.030429 0.987993 -0.151472 16.254000 -0.024801 0.150749 0.988261 -0.165600 0.000000 0.000000 0.000000 1.000000
0.999400 0.030068 0.017181 0.000000 -0.027200 0.988621 -0.147946 16.254000 -0.021434 0.147390 0.988846 -0.165600 0.000000 0.000000 0.000000 1.000000
0.999582 0.024762 0.014921 0.000000 -0.022403 0.989673 -0.141583 16.254000 -0.018273 0.141189 0.989814 -0.165600 0.000000 0.000000 0.000000 1.000000
0.999735 0.019113 0.012829 -0.000000 -0.017245 0.991026 -0.132549 16.254000 -0.015247 0.132292 0.991093 -0.165600 0.000000 0.000000 0.000000 1.000000
0.999858 0.013499 0.010125 0.000000 -0.012153 0.992344 -0.122906 16.254000 -0.011707 0.122766 0.992367 -0.165600 0.000000 0.000000 0.000000 1.000000
0.999944 0.008063 0.006876 0.000000 -0.007227 0.993461 -0.113944 16.254000 -0.007750 0.113888 0.993463 -0.165600 0.000000 0.000000 0.000000 1.000000
0.999992 0.003047 0.002582 0.000000 -0.002753 0.994267 -0.106890 16.254000 -0.002893 0.106882 0.994268 -0.165600 0.000000 0.000000 0.000000 1.000000
0.999993 -0.001347 -0.003531 -0.000000 0.000973 0.994599 -0.103790 16.254000 0.003652 0.103786 0.994593 -0.165600 0.000000 0.000000 0.000000 1.000000
0.999921 -0.005124 -0.011504 0.000000 0.003891 0.994488 -0.104776 16.254000 0.011978 0.104723 0.994429 -0.165600 0.000000 0.000000 0.000000 1.000000
0.999718 -0.006544 -0.022813 0.000000 0.003987 0.993881 -0.110380 16.254000 0.023396 0.110258 0.993628 -0.165600 0.000000 0.000000 0.000000 1.000000
0.999315 -0.004514 -0.036740 0.000000 0.000203 0.993188 -0.116524 16.254000 0.037016 0.116437 0.992508 -0.165600 0.000000 0.000000 0.000000 1.000000
0.998739 -0.003671 -0.050065 -0.000000 -0.002509 0.992427 -0.122814 16.254000 0.050137 0.122785 0.991166 -0.165600 0.000000 0.000000 0.000000 1.000000
0.998376 -0.006135 -0.056639 0.000000 -0.001230 0.991632 -0.129092 16.254000 0.056957 0.128952 0.990014 -0.165600 0.000000 0.000000 0.000000 1.000000
0.998277 -0.008356 -0.058082 0.000000 0.000561 0.991123 -0.132944 16.254000 0.058677 0.132682 0.989420 -0.165600 0.000000 0.000000 0.000000 1.000000
0.998228 -0.008293 -0.058932 0.000000 0.000282 0.990889 -0.134678 16.254000 0.059512 0.134422 0.989135 -0.165600 0.000000 0.000000 0.000000 1.000000
0.998374 -0.007037 -0.056562 0.000000 -0.000677 0.990813 -0.135234 16.254000 0.056994 0.135053 0.989198 -0.165600 0.000000 0.000000 0.000000 1.000000
0.998570 -0.005615 -0.053157 -0.000000 -0.001646 0.990766 -0.135577 16.254000 0.053427 0.135470 0.989340 -0.165600 0.000000 0.000000 0.000000 1.000000
0.998764 -0.004155 -0.049524 0.000000 -0.002616 0.990722 -0.135879 16.254000 0.049629 0.135840 0.989487 -0.165600 0.000000 0.000000 0.000000 1.000000</float_array><technique_common><accessor source="#swat_Spine1-Matrix-animation-output-transform-array" count="33" stride="16"><param type="float4x4"/></accessor></technique_common></source><source id="swat_Spine1-Interpolations"><Name_array id="swat_Spine1-Interpolations-array" count="33">
 LINEAR LINEAR LINEAR LINEAR LINEAR LINEAR LINEAR LINEAR LINEAR LINEAR LINEAR
LINEAR LINEAR LINEAR LINEAR LINEAR LINEAR LINEAR LINEAR LINEAR LINEAR LINEAR LINEAR
LINEAR LINEAR LINEAR LINEAR LINEAR LINEAR LINEAR LINEAR LINEAR LINEAR</Name_array><technique_common><accessor source="#swat_Spine1-Interpolations-array" count="33"><param type="name"/></accessor></technique_common></source><sampler id="swat_Spine1-Matrix-animation-transform"><input semantic="INPUT" source="#swat_Spine1-Matrix-animation-input"/><input semantic="OUTPUT" source="#swat_Spine1-Matrix-animation-output-transform"/><input semantic="INTERPOLATION" source="#swat_Spine1-Interpolations"/></sampler><channel source="#swat_Spine1-Matrix-animation-transform" target="swat_Spine1/matrix"/></animation>
    <animation id="swat_Spine2-anim" name="swat_Spine2"><source id="swat_Spine2-Matrix-animation-input"><float_array id="swat_Spine2-Matrix-animation-input-array" count="33">

0.000000 0.033333 0.066667 0.100000 0.133333 0.166667 0.200000 0.233333 0.266667 0.300000 0.333333 0.366667 0.400000 0.433333 0.466667 0.500000
0.533333 0.566667 0.600000 0.633333 0.666667 0.700000 0.733333 0.766667 0.800000 0.833333 0.866667 0.900000 0.933333 0.966667 1.000000 1.033333
1.066667</float_array><technique_common><accessor source="#swat_Spine2-Matrix-animation-input-array" count="33"><param name="TIME" type="float"/></accessor></technique_common></source><source id="swat_Spine2-Matrix-animation-output-transform"><float_array id="swat_Spine2-Matrix-animation-output-transform-array" count="528">

0.998936 -0.005113 -0.045830 0.000000 -0.001192 0.990639 -0.136504 13.639600 0.046099 0.136413 0.989579 -1.292300 0.000000 0.000000 0.000000 1.000000
0.999030 -0.000060 -0.044030 0.000000 -0.005853 0.990943 -0.134153 13.639600 0.043639 0.134281 0.989982 -1.292300 0.000000 0.000000 0.000000 1.000000
0.999115 0.004970 -0.041772 -0.000000 -0.010444 0.991214 -0.131856 13.639600 0.040749 0.132176 0.990388 -1.292300 0.000000 0.000000 0.000000 1.000000
0.999242 0.010165 -0.037565 0.000000 -0.014976 0.991390 -0.130081 13.639600 0.035920 0.130545 0.990791 -1.292300 0.000000 0.000000 0.000000 1.000000
0.999414 0.016149 -0.030184 -0.000000 -0.019949 0.991290 -0.130178 13.639600 0.027819 0.130704 0.991031 -1.292300 0.000000 0.000000 0.000000 1.000000
0.999518 0.022851 -0.021022 -0.000000 -0.025432 0.990912 -0.132083 13.639600 0.017813 0.132554 0.991016 -1.292300 0.000000 0.000000 0.000000 1.000000
0.999490 0.030245 -0.010292 0.000000 -0.031366 0.990181 -0.136227 13.639600 0.006071 0.136480 0.990624 -1.292300 0.000000 0.000000 0.000000 1.000000
0.999306 0.037248 0.000111 0.000000 -0.036860 0.989327 -0.140974 13.639600 -0.005360 0.140873 0.990013 -1.292300 0.000000 0.000000 0.000000 1.000000
0.999029 0.043082 0.009200 -0.000000 -0.041286 0.988475 -0.145644 13.639600 -0.015368 0.145123 0.989294 -1.292300 0.000000 0.000000 0.000000 1.000000
0.998736 0.047414 0.016696 -0.000000 -0.044398 0.987790 -0.149328 13.639600 -0.023572 0.148398 0.988647 -1.292300 0.000000 0.000000 0.000000 1.000000
0.998535 0.049658 0.021475 -0.000000 -0.045839 0.987361 -0.151715 13.639600 -0.028737 0.150508 0.988191 -1.292300 0.000000 0.000000 0.000000 1.000000
0.998492 0.049782 0.023133 -0.000000 -0.045683 0.987220 -0.152673 13.639600 -0.030437 0.151386 0.988006 -1.292300 0.000000 0.000000 0.000000 1.000000
0.998560 0.048577 0.022757 -0.000000 -0.044550 0.987280 -0.152622 13.639600 -0.029881 0.151388 0.988023 -1.292300 0.000000 0.000000 0.000000 1.000000
0.998688 0.046607 0.021213 0.000000 -0.042858 0.987472 -0.151865 13.639600 -0.028025 0.150756 0.988174 -1.292300 0.000000 0.000000 0.000000 1.000000
0.998841 0.044196 0.019076 0.000000 -0.040830 0.987760 -0.150543 13.639600 -0.025495 0.149590 0.988419 -1.292300 0.000000 0.000000 0.000000 1.000000
0.999003 0.041407 0.016703 -0.000000 -0.038469 0.988127 -0.148746 13.639600 -0.022664 0.147955 0.988734 -1.292300 0.000000 0.000000 0.000000 1.000000
0.999202 0.037282 0.014319 0.000000 -0.034806 0.988736 -0.145569 13.639600 -0.019585 0.144954 0.989245 -1.292300 0.000000 0.000000 0.000000 1.000000
0.999420 0.031661 0.012543 -0.000000 -0.029605 0.989782 -0.139478 13.639600 -0.016830 0.139026 0.990146 -1.292300 0.000000 0.000000 0.000000 1.000000
0.999609 0.025702 0.011011 0.000000 -0.024046 0.991139 -0.130637 13.639600 -0.014271 0.130321 0.991369 -1.292300 0.000000 0.000000 0.000000 1.000000
0.999765 0.019725 0.009015 0.000000 -0.018488 0.992462 -0.121150 13.639600 -0.011337 0.120955 0.992593 -1.292300 0.000000 0.000000 0.000000 1.000000
0.999883 0.013852 0.006502 0.000000 -0.013034 0.993586 -0.112327 13.639600 -0.008016 0.112230 0.993650 -1.292300 0.000000 0.000000 0.000000 1.000000
0.999962 0.008240 0.002947 -0.000000 -0.007884 0.994398 -0.105402 13.639600 -0.003799 0.105375 0.994425 -1.292300 0.000000 0.000000 0.000000 1.000000
0.999993 0.002978 -0.002450 0.000000 -0.003213 0.994734 -0.102436 13.639600 0.002132 0.102444 0.994737 -1.292300 0.000000 0.000000 0.000000 1.000000
0.999951 -0.001947 -0.009757 0.000000 0.000926 0.994620 -0.103587 13.639600 0.009906 0.103573 0.994573 -1.292300 0.000000 0.000000 0.000000 1.000000
0.999774 -0.004999 -0.020661 0.000000 0.002708 0.993991 -0.109425 13.639600 0.021084 0.109344 0.993780 -1.292300 0.000000 0.000000 0.000000 1.000000
0.999392 -0.005288 -0.034467 0.000000 0.001259 0.993261 -0.115890 13.639600 0.034848 0.115776 0.992664 -1.292300 0.000000 0.000000 0.000000 1.000000
0.998953 -0.006501 -0.045290 0.000000 0.000924 0.992518 -0.122095 13.639600 0.045744 0.121925 0.991485 -1.292300 0.000000 0.000000 0.000000 1.000000
0.998607 -0.009090 -0.051972 0.000000 0.002364 0.991767 -0.128034 13.639600 0.052708 0.127733 0.990407 -1.292300 0.000000 0.000000 0.000000 1.000000
0.998407 -0.011191 -0.055296 -0.000000 0.003766 0.991163 -0.132597 13.639600 0.056291 0.132178 0.989626 -1.292300 0.000000 0.000000 0.000000 1.000000
0.998377 -0.011157 -0.055853 0.000000 0.003538 0.990882 -0.134684 13.639600 0.056846 0.134268 0.989313 -1.292300 0.000000 0.000000 0.000000 1.000000
0.998432 -0.009935 -0.055082 -0.000000 0.002375 0.990753 -0.135654 13.639600 0.055921 0.135311 0.989224 -1.292300 0.000000 0.000000 0.000000 1.000000
0.998637 -0.008034 -0.051574 0.000000 0.000946 0.990705 -0.136024 13.639600 0.052187 0.135790 0.989362 -1.292300 0.000000 0.000000 0.000000 1.000000
0.998845 -0.006074 -0.047658 -0.000000 -0.000480 0.990664 -0.136324 13.639600 0.048042 0.136190 0.989517 -1.292300 0.000000 0.000000 0.000000 1.000000</float_array><technique_common><accessor source="#swat_Spine2-Matrix-animation-output-transform-array" count="33" stride="16"><param type="float4x4"/></accessor></technique_common></source><source id="swat_Spine2-Interpolations"><Name_array id="swat_Spine2-Interpolations-array" count="33">
 LINEAR LINEAR LINEAR LINEAR LINEAR LINEAR LINEAR LINEAR LINEAR LINEAR LINEAR
LINEAR LINEAR LINEAR LINEAR LINEAR LINEAR LINEAR LINEAR LINEAR LINEAR LINEAR LINEAR
LINEAR LINEAR LINEAR LINEAR LINEAR LINEAR LINEAR LINEAR LINEAR LINEAR</Name_array><technique_common><accessor source="#swat_Spine2-Interpolations-array" count="33"><param type="name"/></accessor></technique_common></source><sampler id="swat_Spine2-Matrix-animation-transform"><input semantic="INPUT" source="#swat_Spine2-Matrix-animation-input"/><input semantic="OUTPUT" source="#swat_Spine2-Matrix-animation-output-transform"/><input semantic="INTERPOLATION" source="#swat_Spine2-Interpolations"/></sampler><channel source="#swat_Spine2-Matrix-animation-transform" target="swat_Spine2/matrix"/></animation>
    <animation id="swat_Neck-anim" name="swat_Neck"><source id="swat_Neck-Matrix-animation-input"><float_array id="swat_Neck-Matrix-animation-input-array" count="33">

0.000000 0.033333 0.066667 0.100000 0.133333 0.166667 0.200000 0.233333 0.266667 0.300000 0.333333 0.366667 0.400000 0.433333 0.466667 0.500000
0.533333 0.566667 0.600000 0.633333 0.666667 0.700000 0.733333 0.766667 0.800000 0.833333 0.866667 0.900000 0.933333 0.966667 1.000000 1.033333
1.066667</float_array><technique_common><accessor source="#swat_Neck-Matrix-animation-input-array" count="33"><param name="TIME" type="float"/></accessor></technique_common></source><source id="swat_Neck-Matrix-animation-output-transform"><float_array id="swat_Neck-Matrix-animation-output-transform-array" count="528">

0.991130 0.075562 0.109328 0.000000 -0.086201 0.991632 0.096104 13.877400 -0.101151 -0.104676 0.989349 -4.354200 0.000000 0.000000 0.000000 1.000000
0.991921 0.068561 0.106730 0.000000 -0.078997 0.992161 0.096832 13.877400 -0.099254 -0.104481 0.989562 -4.354200 0.000000 0.000000 0.000000 1.000000
0.992612 0.062413 0.104047 0.000000 -0.072591 0.992625 0.097086 13.877400 -0.097221 -0.103922 0.989822 -4.354200 0.000000 0.000000 0.000000 1.000000
0.993107 0.058452 0.101593 0.000000 -0.068291 0.993013 0.096238 13.877400 -0.095257 -0.102512 0.990160 -4.354200 0.000000 0.000000 0.000000 1.000000
0.993379 0.056629 0.099956 -0.000000 -0.066145 0.993315 0.094606 13.877400 -0.093930 -0.100591 0.990484 -4.354200 0.000000 0.000000 0.000000 1.000000
0.993534 0.055506 0.099040 0.000000 -0.064796 0.993538 0.093190 13.877400 -0.093228 -0.099005 0.990710 -4.354200 0.000000 0.000000 0.000000 1.000000
0.993553 0.055117 0.099071 -0.000000 -0.064332 0.993645 0.092361 13.877400 -0.093351 -0.098139 0.990785 -4.354200 0.000000 0.000000 0.000000 1.000000
0.993506 0.055062 0.099574 0.000000 -0.064293 0.993680 0.092009 13.877400 -0.093878 -0.097813 0.990767 -4.354200 0.000000 0.000000 0.000000 1.000000
0.993401 0.055281 0.100491 0.000000 -0.064632 0.993631 0.092309 13.877400 -0.094748 -0.098195 0.990647 -4.354200 0.000000 0.000000 0.000000 1.000000
0.993272 0.055625 0.101570 0.000000 -0.065149 0.993533 0.092997 13.877400 -0.095740 -0.098988 0.990472 -4.354200 0.000000 0.000000 0.000000 1.000000
0.993164 0.055908 0.102468 0.000000 -0.065649 0.993377 0.094304 13.877400 -0.096517 -0.100386 0.990256 -4.354200 0.000000 0.000000 0.000000 1.000000
0.993116 0.055936 0.102918 0.000000 -0.065899 0.993188 0.096098 13.877400 -0.096842 -0.102219 0.990037 -4.354200 0.000000 0.000000 0.000000 1.000000
0.993105 0.055849 0.103074 0.000000 -0.066012 0.992997 0.097977 13.877400 -0.096881 -0.104106 0.989836 -4.354200 0.000000 0.000000 0.000000 1.000000
0.993106 0.055786 0.103091 0.000000 -0.066114 0.992824 0.099651 13.877400 -0.096792 -0.105779 0.989668 -4.354200 0.000000 0.000000 0.000000 1.000000
0.993101 0.055845 0.103115 -0.000000 -0.066300 0.992684 0.100911 13.877400 -0.096725 -0.107051 0.989537 -4.354200 0.000000 0.000000 0.000000 1.000000
0.993079 0.056127 0.103172 0.000000 -0.066679 0.992563 0.101849 13.877400 -0.096688 -0.108024 0.989435 -4.354200 0.000000 0.000000 0.000000 1.000000
0.992999 0.057332 0.103281 0.000000 -0.067937 0.992434 0.102275 13.877400 -0.096636 -0.108575 0.989380 -4.354200 0.000000 0.000000 0.000000 1.000000
0.992887 0.059231 0.103279 0.000000 -0.069830 0.992307 0.102230 13.877400 -0.096429 -0.108715 0.989385 -4.354200 0.000000 0.000000 0.000000 1.000000
0.992844 0.059972 0.103272 0.000000 -0.070549 0.992279 0.102009 13.877400 -0.096357 -0.108564 0.989409 -4.354200 0.000000 0.000000 0.000000 1.000000
0.992824 0.059910 0.103495 0.000000 -0.070477 0.992319 0.101664 13.877400 -0.096610 -0.108229 0.989421 -4.354200 0.000000 0.000000 0.000000 1.000000
0.992800 0.059815 0.103779 0.000000 -0.070370 0.992371 0.101228 13.877400 -0.096932 -0.107802 0.989436 -4.354200 0.000000 0.000000 0.000000 1.000000
0.992758 0.059959 0.104095 0.000000 -0.070493 0.992420 0.100661 13.877400 -0.097270 -0.107270 0.989460 -4.354200 0.000000 0.000000 0.000000 1.000000
0.992698 0.060562 0.104318 0.000000 -0.071067 0.992434 0.100120 13.877400 -0.097465 -0.106803 0.989492 -4.354200 0.000000 0.000000 0.000000 1.000000
0.992637 0.061598 0.104293 -0.000000 -0.072066 0.992397 0.099777 13.877400 -0.097354 -0.106559 0.989529 -4.354200 0.000000 0.000000 0.000000 1.000000
0.992595 0.063446 0.103584 0.000000 -0.073771 0.992340 0.099096 13.877400 -0.096504 -0.106003 0.989672 -4.354200 0.000000 0.000000 0.000000 1.000000
0.992533 0.065906 0.102634 0.000000 -0.075974 0.992332 0.097498 13.877400 -0.095421 -0.104568 0.989929 -4.354200 0.000000 0.000000 0.000000 1.000000
0.992295 0.067847 0.103666 0.000000 -0.078003 0.992196 0.097274 13.877400 -0.096258 -0.104611 0.989844 -4.354200 0.000000 0.000000 0.000000 1.000000
0.991737 0.070136 0.107418 0.000000 -0.080693 0.991977 0.097318 13.877400 -0.099730 -0.105182 0.989440 -4.354200 0.000000 0.000000 0.000000 1.000000
0.991059 0.073206 0.111551 0.000000 -0.083951 0.991942 0.094886 13.877400 -0.103706 -0.103402 0.989218 -4.354200 0.000000 0.000000 0.000000 1.000000
0.990659 0.076068 0.113178 -0.000000 -0.086791 0.991872 0.093042 13.877400 -0.105181 -0.101996 0.989209 -4.354200 0.000000 0.000000 0.000000 1.000000
0.990697 0.076612 0.112470 0.000000 -0.087306 0.991788 0.093459 13.877400 -0.104386 -0.102409 0.989250 -4.354200 0.000000 0.000000 0.000000 1.000000
0.990861 0.076266 0.111258 -0.000000 -0.086938 0.991726 0.094453 13.877400 -0.103134 -0.103263 0.989293 -4.354200 0.000000 0.000000 0.000000 1.000000
0.991054 0.075683 0.109928 0.000000 -0.086334 0.991669 0.095599 13.877400 -0.101777 -0.104234 0.989331 -4.354200 0.000000 0.000000 0.000000 1.000000</float_array><technique_common><accessor source="#swat_Neck-Matrix-animation-output-transform-array" count="33" stride="16"><param type="float4x4"/></accessor></technique_common></source><source id="swat_Neck-Interpolations"><Name_array id="swat_Neck-Interpolations-array" count="33">
 LINEAR LINEAR LINEAR LINEAR LINEAR LINEAR LINEAR LINEAR LINEAR LINEAR LINEAR
LINEAR LINEAR LINEAR LINEAR LINEAR LINEAR LINEAR LINEAR LINEAR LINEAR LINEAR LINEAR
LINEAR LINEAR LINEAR LINEAR LINEAR LINEAR LINEAR LINEAR LINEAR LINEAR</Name_array><technique_common><accessor source="#swat_Neck-Interpolations-array" count="33"><param type="name"/></accessor></technique_common></source><sampler id="swat_Neck-Matrix-animation-transform"><input semantic="INPUT" source="#swat_Neck-Matrix-animation-input"/><input semantic="OUTPUT" source="#swat_Neck-Matrix-animation-output-transform"/><input semantic="INTERPOLATION" source="#swat_Neck-Interpolations"/></sampler><channel source="#swat_Neck-Matrix-animation-transform" target="swat_Neck/matrix"/></animation>
    <animation id="swat_Neck1-anim" name="swat_Neck1"><source id="swat_Neck1-Matrix-animation-input"><float_array id="swat_Neck1-Matrix-animation-input-array" count="33">

0.000000 0.033333 0.066667 0.100000 0.133333 0.166667 0.200000 0.233333 0.266667 0.300000 0.333333 0.366667 0.400000 0.433333 0.466667 0.500000
0.533333 0.566667 0.600000 0.633333 0.666667 0.700000 0.733333 0.766667 0.800000 0.833333 0.866667 0.900000 0.933333 0.966667 1.000000 1.033333
1.066667</float_array><technique_common><accessor source="#swat_Neck1-Matrix-animation-input-array" count="33"><param name="TIME" type="float"/></accessor></technique_common></source><source id="swat_Neck1-Matrix-animation-output-transform"><float_array id="swat_Neck1-Matrix-animation-output-transform-array" count="528">

0.991130 0.075562 0.109328 0.000000 -0.086201 0.991632 0.096104 4.340000 -0.101152 -0.104676 0.989349 0.926900 0.000000 0.000000 0.000000 1.000000
0.991921 0.068562 0.106730 0.000000 -0.078997 0.992161 0.096832 4.340000 -0.099255 -0.104481 0.989562 0.926900 0.000000 0.000000 0.000000 1.000000
0.992612 0.062414 0.104047 0.000000 -0.072591 0.992625 0.097084 4.340000 -0.097220 -0.103920 0.989823 0.926900 0.000000 0.000000 0.000000 1.000000
0.993107 0.058453 0.101593 0.000000 -0.068293 0.993013 0.096236 4.340000 -0.095258 -0.102511 0.990160 0.926900 0.000000 0.000000 0.000000 1.000000
0.993379 0.056630 0.099956 0.000000 -0.066145 0.993315 0.094606 4.340000 -0.093930 -0.100592 0.990484 0.926900 0.000000 0.000000 0.000000 1.000000
0.993534 0.055507 0.099040 0.000000 -0.064797 0.993538 0.093190 4.340000 -0.093228 -0.099005 0.990710 0.926900 0.000000 0.000000 0.000000 1.000000
0.993553 0.055118 0.099071 0.000000 -0.064332 0.993645 0.092359 4.340000 -0.093351 -0.098137 0.990785 0.926900 0.000000 0.000000 0.000000 1.000000
0.993506 0.055063 0.099574 0.000000 -0.064294 0.993680 0.092008 4.340000 -0.093878 -0.097813 0.990767 0.926900 0.000000 0.000000 0.000000 1.000000
0.993401 0.055281 0.100491 -0.000000 -0.064632 0.993631 0.092309 4.340000 -0.094748 -0.098194 0.990647 0.926900 0.000000 0.000000 0.000000 1.000000
0.993272 0.055626 0.101570 0.000000 -0.065150 0.993533 0.092995 4.340000 -0.095740 -0.098987 0.990472 0.926900 0.000000 0.000000 0.000000 1.000000
0.993164 0.055908 0.102468 0.000000 -0.065650 0.993376 0.094304 4.340000 -0.096517 -0.100386 0.990256 0.926900 0.000000 0.000000 0.000000 1.000000
0.993116 0.055937 0.102918 0.000000 -0.065900 0.993188 0.096097 4.340000 -0.096842 -0.102218 0.990037 0.926900 0.000000 0.000000 0.000000 1.000000
0.993104 0.055850 0.103074 0.000000 -0.066013 0.992997 0.097978 4.340000 -0.096881 -0.104107 0.989836 0.926900 0.000000 0.000000 0.000000 1.000000
0.993106 0.055786 0.103091 0.000000 -0.066114 0.992824 0.099649 4.340000 -0.096792 -0.105778 0.989668 0.926900 0.000000 0.000000 0.000000 1.000000
0.993101 0.055845 0.103114 0.000000 -0.066299 0.992684 0.100910 4.340000 -0.096725 -0.107051 0.989538 0.926900 0.000000 0.000000 0.000000 1.000000
0.993079 0.056128 0.103172 0.000000 -0.066680 0.992563 0.101850 4.340000 -0.096688 -0.108025 0.989435 0.926900 0.000000 0.000000 0.000000 1.000000
0.992999 0.057332 0.103281 0.000000 -0.067937 0.992434 0.102275 4.340000 -0.096636 -0.108575 0.989380 0.926900 0.000000 0.000000 0.000000 1.000000
0.992887 0.059231 0.103279 0.000000 -0.069830 0.992307 0.102230 4.340000 -0.096429 -0.108715 0.989385 0.926900 0.000000 0.000000 0.000000 1.000000
0.992843 0.059973 0.103272 -0.000000 -0.070549 0.992279 0.102005 4.340000 -0.096357 -0.108561 0.989409 0.926900 0.000000 0.000000 0.000000 1.000000
0.992824 0.059910 0.103495 -0.000000 -0.070478 0.992319 0.101664 4.340000 -0.096610 -0.108229 0.989421 0.926900 0.000000 0.000000 0.000000 1.000000
0.992800 0.059816 0.103779 0.000000 -0.070371 0.992371 0.101226 4.340000 -0.096932 -0.107801 0.989436 0.926900 0.000000 0.000000 0.000000 1.000000
0.992758 0.059959 0.104095 0.000000 -0.070494 0.992420 0.100659 4.340000 -0.097270 -0.107268 0.989460 0.926900 0.000000 0.000000 0.000000 1.000000
0.992698 0.060562 0.104318 0.000000 -0.071067 0.992434 0.100121 4.340000 -0.097465 -0.106803 0.989492 0.926900 0.000000 0.000000 0.000000 1.000000
0.992637 0.061599 0.104294 0.000000 -0.072067 0.992396 0.099778 4.340000 -0.097354 -0.106559 0.989529 0.926900 0.000000 0.000000 0.000000 1.000000
0.992595 0.063446 0.103584 0.000000 -0.073771 0.992340 0.099094 4.340000 -0.096504 -0.106002 0.989672 0.926900 0.000000 0.000000 0.000000 1.000000
0.992533 0.065907 0.102634 0.000000 -0.075975 0.992332 0.097498 4.340000 -0.095421 -0.104568 0.989929 0.926900 0.000000 0.000000 0.000000 1.000000
0.992295 0.067848 0.103667 0.000000 -0.078004 0.992196 0.097273 4.340000 -0.096258 -0.104609 0.989844 0.926900 0.000000 0.000000 0.000000 1.000000
0.991737 0.070136 0.107418 0.000000 -0.080694 0.991977 0.097318 4.340000 -0.099731 -0.105182 0.989440 0.926900 0.000000 0.000000 0.000000 1.000000
0.991059 0.073206 0.111551 -0.000000 -0.083951 0.991942 0.094885 4.340000 -0.103706 -0.103402 0.989218 0.926900 0.000000 0.000000 0.000000 1.000000
0.990659 0.076068 0.113178 0.000000 -0.086791 0.991872 0.093042 4.340000 -0.105181 -0.101996 0.989209 0.926900 0.000000 0.000000 0.000000 1.000000
0.990697 0.076612 0.112470 -0.000000 -0.087307 0.991788 0.093459 4.340000 -0.104386 -0.102409 0.989250 0.926900 0.000000 0.000000 0.000000 1.000000
0.990861 0.076265 0.111258 0.000000 -0.086938 0.991726 0.094454 4.340000 -0.103134 -0.103263 0.989293 0.926900 0.000000 0.000000 0.000000 1.000000
