<?xml version="1.0" encoding="utf-8"?>
<COLLADA xmlns="http://www.collada.org/2005/11/COLLADASchema" version="1.4.1">
  <asset><contributor><author>Mixamo</author><authoring_tool>COLLADA Mixamo exporter</authoring_tool><comments></comments></contributor><created>2018-06-07T18:35:54Z</created><modified>2018-06-07T18:35:54Z</modified><revision></revision><title></title><unit meter="0.010000"/><up_axis>Y_UP</up_axis></asset>
  <library_animations>
    <animation id="swat_Hips-anim" name="swat_Hips"><source id="swat_Hips-Matrix-animation-input"><float_array id="swat_Hips-Matrix-animation-input-array" count="201">

0.000000 0.033333 0.066667 0.100000 0.133333 0.166667 0.200000 0.233333 0.266667 0.300000 0.333333 0.366667 0.400000 0.433333 0.466667 0.500000
0.533333 0.566667 0.600000 0.633333 0.666667 0.700000 0.733333 0.766667 0.800000 0.833333 0.866667 0.900000 0.933333 0.966667 1.000000 1.033333
1.066667 1.100000 1.133333 1.166667 1.200000 1.233333 1.266667 1.300000 1.333333 1.366667 1.400000 1.433333 1.466667 1.500000 1.533333 1.566667
1.600000 1.633333 1.666667 1.700000 1.733333 1.766667 1.800000 1.833333 1.866667 1.900000 1.933333 1.966667 2.000000 2.033333 2.066667 2.100000
2.133333 2.166667 2.200000 2.233333 2.266667 2.300000 2.333333 2.366667 2.400000 2.433333 2.466667 2.500000 2.533333 2.566667 2.600000 2.633333
2.666667 2.700000 2.733333 2.766667 2.800000 2.833333 2.866667 2.900000 2.933333 2.966667 3.000000 3.033333 3.066667 3.100000 3.133333 3.166667
3.200000 3.233333 3.266667 3.300000 3.333333 3.366667 3.400000 3.433333 3.466667 3.500000 3.533333 3.566667 3.600000 3.633333 3.666667 3.700000
3.733333 3.766667 3.800000 3.833333 3.866667 3.900000 3.933333 3.966667 4.000000 4.033333 4.066667 4.100000 4.133333 4.166667 4.200000 4.233333
4.266667 4.300000 4.333333 4.366667 4.400000 4.433333 4.466667 4.500000 4.533333 4.566667 4.600000 4.633333 4.666667 4.700000 4.733333 4.766667
4.800000 4.833333 4.866667 4.900000 4.933333 4.966667 5.000000 5.033333 5.066667 5.100000 5.133333 5.166667 5.200000 5.233333 5.266667 5.300000
5.333333 5.366667 5.400000 5.433333 5.466667 5.500000 5.533333 5.566667 5.600000 5.633333 5.666667 5.700000 5.733333 5.766667 5.800000 5.833333
5.866667 5.900000 5.933333 5.966667 6.000000 6.033333 6.066667 6.100000 6.133333 6.166667 6.200000 6.233333 6.266667 6.300000 6.333333 6.366667
6.400000 6.433333 6.466667 6.500000 6.533333 6.566667 6.600000 6.633333 6.666667</float_array><technique_common><accessor source="#swat_Hips-Matrix-animation-input-array" count="201"><param name="TIME" type="float"/></accessor></technique_common></source><source id="swat_Hips-Matrix-animation-output-transform"><float_array id="swat_Hips-Matrix-animation-output-transform-array" count="3216">

0.519132 -0.332574 -0.787335 2.661939 -0.052518 0.907036 -0.417764 47.222736 0.853079 0.258224 0.453405 -1.948289 0.000000 0.000000 0.000000 1.000000
0.519139 -0.332773 -0.787247 2.683106 -0.052496 0.906936 -0.417984 47.215939 0.853076 0.258319 0.453356 -1.947254 0.000000 0.000000 0.000000 1.000000
0.519145 -0.332919 -0.787181 2.704917 -0.052477 0.906863 -0.418145 47.208397 0.853074 0.258386 0.453323 -1.945305 0.000000 0.000000 0.000000 1.000000
0.519166 -0.333114 -0.787084 2.726360 -0.052447 0.906765 -0.418361 47.201553 0.853063 0.258479 0.453291 -1.944032 0.000000 0.000000 0.000000 1.000000
0.519196 -0.333403 -0.786942 2.746221 -0.052428 0.906613 -0.418694 47.196430 0.853045 0.258642 0.453230 -1.944744 0.000000 0.000000 0.000000 1.000000
0.519195 -0.333701 -0.786817 2.762594 -0.052543 0.906419 -0.419098 47.194683 0.853039 0.258935 0.453074 -1.950206 0.000000 0.000000 0.000000 1.000000
0.519133 -0.334023 -0.786721 2.776336 -0.052762 0.906191 -0.419564 47.195560 0.853063 0.259318 0.452810 -1.960225 0.000000 0.000000 0.000000 1.000000
0.518948 -0.334386 -0.786688 2.789376 -0.053022 0.905948 -0.420055 47.197151 0.853160 0.259699 0.452410 -1.972970 0.000000 0.000000 0.000000 1.000000
0.518723 -0.334766 -0.786675 2.801461 -0.053326 0.905689 -0.420574 47.199780 0.853278 0.260112 0.451950 -1.988378 0.000000 0.000000 0.000000 1.000000
0.518454 -0.335164 -0.786683 2.812298 -0.053682 0.905412 -0.421126 47.203651 0.853419 0.260565 0.451422 -2.005841 0.000000 0.000000 0.000000 1.000000
0.518149 -0.335578 -0.786708 2.821782 -0.054083 0.905118 -0.421707 47.208904 0.853579 0.261055 0.450837 -2.024534 0.000000 0.000000 0.000000 1.000000
0.517838 -0.335994 -0.786735 2.830997 -0.054494 0.904820 -0.422294 47.214458 0.853741 0.261552 0.450241 -2.043461 0.000000 0.000000 0.000000 1.000000
0.517523 -0.336413 -0.786763 2.839899 -0.054914 0.904518 -0.422885 47.220333 0.853906 0.262057 0.449635 -2.062349 0.000000 0.000000 0.000000 1.000000
0.517190 -0.336839 -0.786799 2.847538 -0.055368 0.904204 -0.423497 47.227623 0.854078 0.262592 0.448996 -2.080690 0.000000 0.000000 0.000000 1.000000
0.516845 -0.337273 -0.786841 2.853738 -0.055856 0.903877 -0.424130 47.236549 0.854255 0.263159 0.448326 -2.097837 0.000000 0.000000 0.000000 1.000000
0.516577 -0.337681 -0.786842 2.857115 -0.056318 0.903559 -0.424746 47.248482 0.854387 0.263728 0.447740 -2.108731 0.000000 0.000000 0.000000 1.000000
0.516344 -0.338079 -0.786824 2.859398 -0.056765 0.903245 -0.425354 47.261555 0.854498 0.264293 0.447194 -2.117186 0.000000 0.000000 0.000000 1.000000
0.516149 -0.338465 -0.786786 2.860869 -0.057190 0.902937 -0.425950 47.275475 0.854587 0.264850 0.446693 -2.123644 0.000000 0.000000 0.000000 1.000000
0.516079 -0.338822 -0.786678 2.859676 -0.057537 0.902648 -0.426516 47.292454 0.854606 0.265379 0.446343 -2.123799 0.000000 0.000000 0.000000 1.000000
0.516095 -0.339220 -0.786496 2.856841 -0.057883 0.902322 -0.427159 47.314075 0.854573 0.265979 0.446049 -2.120799 0.000000 0.000000 0.000000 1.000000
0.516296 -0.339740 -0.786139 2.849913 -0.058241 0.901893 -0.428015 47.347961 0.854428 0.266768 0.445857 -2.110013 0.000000 0.000000 0.000000 1.000000
0.516501 -0.340273 -0.785774 2.842851 -0.058604 0.901454 -0.428888 47.382439 0.854279 0.267571 0.445660 -2.099031 0.000000 0.000000 0.000000 1.000000
0.516705 -0.340812 -0.785406 2.835829 -0.058949 0.901016 -0.429761 47.416248 0.854132 0.268359 0.445469 -2.088236 0.000000 0.000000 0.000000 1.000000
0.516907 -0.341353 -0.785038 2.828906 -0.059273 0.900583 -0.430623 47.449013 0.853987 0.269124 0.445285 -2.077732 0.000000 0.000000 0.000000 1.000000
0.517085 -0.341886 -0.784689 2.822524 -0.059590 0.900160 -0.431464 47.481800 0.853857 0.269863 0.445086 -2.067239 0.000000 0.000000 0.000000 1.000000
0.517016 -0.342400 -0.784511 2.820804 -0.060098 0.899728 -0.432293 47.531906 0.853864 0.270650 0.444596 -2.050821 0.000000 0.000000 0.000000 1.000000
0.516570 -0.342898 -0.784587 2.825658 -0.060931 0.899267 -0.433134 47.610973 0.854075 0.271550 0.443641 -2.024309 0.000000 0.000000 0.000000 1.000000
0.515966 -0.343397 -0.784766 2.833412 -0.061899 0.898790 -0.433988 47.702522 0.854370 0.272500 0.442489 -1.993464 0.000000 0.000000 0.000000 1.000000
0.515210 -0.343922 -0.785032 2.843527 -0.063026 0.898273 -0.434896 47.810314 0.854743 0.273540 0.441123 -1.957063 0.000000 0.000000 0.000000 1.000000
0.514047 -0.344514 -0.785535 2.860026 -0.064577 0.897654 -0.435944 47.962933 0.855328 0.274824 0.439189 -1.904886 0.000000 0.000000 0.000000 1.000000
0.512730 -0.345145 -0.786119 2.875832 -0.066419 0.896946 -0.437124 48.157139 0.855977 0.276340 0.436966 -1.837653 0.000000 0.000000 0.000000 1.000000
0.511844 -0.345766 -0.786423 2.872257 -0.068343 0.896136 -0.438485 48.363503 0.856355 0.278182 0.435052 -1.763692 0.000000 0.000000 0.000000 1.000000
0.511282 -0.346336 -0.786538 2.853683 -0.070392 0.895252 -0.439964 48.580006 0.856525 0.280312 0.433347 -1.684524 0.000000 0.000000 0.000000 1.000000
0.510773 -0.346881 -0.786628 2.832554 -0.072482 0.894354 -0.441449 48.798615 0.856655 0.282497 0.431669 -1.604298 0.000000 0.000000 0.000000 1.000000
0.510270 -0.347405 -0.786724 2.811099 -0.074597 0.893453 -0.442919 49.017982 0.856773 0.284696 0.429987 -1.523745 0.000000 0.000000 0.000000 1.000000
0.509758 -0.347856 -0.786856 2.789414 -0.076763 0.892573 -0.444321 49.237999 0.856886 0.286898 0.428294 -1.442722 0.000000 0.000000 0.000000 1.000000
0.509042 -0.347816 -0.787337 2.756598 -0.079256 0.891893 -0.445247 49.454277 0.857085 0.289050 0.426445 -1.361082 0.000000 0.000000 0.000000 1.000000
0.508240 -0.347590 -0.787955 2.718902 -0.081873 0.891289 -0.445983 49.668674 0.857315 0.291179 0.424530 -1.279321 0.000000 0.000000 0.000000 1.000000
0.507340 -0.347174 -0.788718 2.674223 -0.084602 0.890768 -0.446514 49.880089 0.857583 0.293261 0.422551 -1.197758 0.000000 0.000000 0.000000 1.000000
0.506171 -0.346213 -0.789891 2.609479 -0.087608 0.890508 -0.446454 50.082531 0.857972 0.295183 0.420418 -1.116821 0.000000 0.000000 0.000000 1.000000
0.504968 -0.344674 -0.791333 2.539013 -0.090149 0.890734 -0.445495 50.273285 0.858418 0.296299 0.418720 -1.038561 0.000000 0.000000 0.000000 1.000000
0.503697 -0.342617 -0.793034 2.466630 -0.092170 0.891437 -0.443673 50.457233 0.858949 0.296571 0.417435 -0.963641 0.000000 0.000000 0.000000 1.000000
0.502136 -0.339163 -0.795505 2.394966 -0.092698 0.893474 -0.439445 50.623104 0.859806 0.294402 0.417205 -0.904946 0.000000 0.000000 0.000000 1.000000
0.500876 -0.336003 -0.797637 2.340977 -0.093363 0.895219 -0.435737 50.768356 0.860469 0.292720 0.417023 -0.868005 0.000000 0.000000 0.000000 1.000000
0.499855 -0.333099 -0.799494 2.296750 -0.094345 0.896653 -0.432565 50.888390 0.860955 0.291648 0.416770 -0.840615 0.000000 0.000000 0.000000 1.000000
0.499217 -0.330769 -0.800858 2.262103 -0.094953 0.897820 -0.430004 50.976357 0.861259 0.290709 0.416800 -0.821722 0.000000 0.000000 0.000000 1.000000
0.499763 -0.330159 -0.800769 2.251491 -0.094136 0.898323 -0.429132 51.035332 0.861031 0.289845 0.417869 -0.822370 0.000000 0.000000 0.000000 1.000000
0.498388 -0.329669 -0.801828 2.254876 -0.093698 0.898979 -0.427852 51.073997 0.861876 0.288365 0.417151 -0.821840 0.000000 0.000000 0.000000 1.000000
0.497531 -0.329393 -0.802473 2.281567 -0.093000 0.899511 -0.426884 51.097675 0.862447 0.287018 0.416901 -0.804450 0.000000 0.000000 0.000000 1.000000
0.496911 -0.328993 -0.803021 2.309159 -0.091999 0.900165 -0.425721 51.115303 0.862911 0.285422 0.417035 -0.770968 0.000000 0.000000 0.000000 1.000000
0.496338 -0.328236 -0.803685 2.328833 -0.090815 0.901056 -0.424089 51.133911 0.863366 0.283478 0.417419 -0.715205 0.000000 0.000000 0.000000 1.000000
0.496055 -0.327623 -0.804110 2.341367 -0.089800 0.901760 -0.422807 51.139671 0.863635 0.281945 0.417902 -0.671657 0.000000 0.000000 0.000000 1.000000
0.496133 -0.327215 -0.804228 2.345734 -0.089109 0.902186 -0.422043 51.129063 0.863662 0.281053 0.418446 -0.648044 0.000000 0.000000 0.000000 1.000000
0.496337 -0.326778 -0.804280 2.345552 -0.088578 0.902553 -0.421369 51.118969 0.863599 0.280382 0.419025 -0.628012 0.000000 0.000000 0.000000 1.000000
0.496645 -0.326346 -0.804265 2.342123 -0.088157 0.902863 -0.420793 51.107277 0.863465 0.279886 0.419633 -0.611691 0.000000 0.000000 0.000000 1.000000
0.497065 -0.325974 -0.804156 2.336059 -0.087816 0.903097 -0.420361 51.090935 0.863258 0.279565 0.420272 -0.600675 0.000000 0.000000 0.000000 1.000000
0.497562 -0.325693 -0.803963 2.328869 -0.087500 0.903262 -0.420073 51.068142 0.863004 0.279359 0.420930 -0.594677 0.000000 0.000000 0.000000 1.000000
0.498128 -0.325561 -0.803666 2.321563 -0.087161 0.903345 -0.419964 51.035892 0.862712 0.279244 0.421606 -0.594854 0.000000 0.000000 0.000000 1.000000
0.498742 -0.325617 -0.803262 2.315380 -0.086754 0.903344 -0.420052 50.991718 0.862398 0.279184 0.422287 -0.601679 0.000000 0.000000 0.000000 1.000000
0.499389 -0.325907 -0.802743 2.311517 -0.086230 0.903252 -0.420357 50.933212 0.862076 0.279142 0.422971 -0.615797 0.000000 0.000000 0.000000 1.000000
0.500049 -0.326475 -0.802100 2.311072 -0.085542 0.903065 -0.420899 50.857822 0.861762 0.279084 0.423650 -0.637781 0.000000 0.000000 0.000000 1.000000
0.500716 -0.327771 -0.801155 2.319743 -0.084391 0.902643 -0.422035 50.731064 0.861488 0.278930 0.424307 -0.681875 0.000000 0.000000 0.000000 1.000000
0.501155 -0.329884 -0.800013 2.343046 -0.082522 0.902057 -0.423656 50.529125 0.861414 0.278336 0.424847 -0.750086 0.000000 0.000000 0.000000 1.000000
0.501245 -0.332205 -0.798996 2.374113 -0.080480 0.901468 -0.425299 50.315266 0.861555 0.277482 0.425120 -0.814946 0.000000 0.000000 0.000000 1.000000
0.500832 -0.334961 -0.798103 2.415768 -0.078920 0.900569 -0.427490 50.118759 0.861939 0.277087 0.424598 -0.877925 0.000000 0.000000 0.000000 1.000000
0.500145 -0.337857 -0.797313 2.462659 -0.077982 0.899433 -0.430046 49.940048 0.862423 0.277262 0.423500 -0.941954 0.000000 0.000000 0.000000 1.000000
0.499359 -0.340773 -0.796564 2.511331 -0.077337 0.898198 -0.432735 49.768719 0.862936 0.277694 0.422169 -1.006706 0.000000 0.000000 0.000000 1.000000
0.498526 -0.343700 -0.795828 2.561305 -0.076839 0.896909 -0.435488 49.603424 0.863463 0.278252 0.420723 -1.072265 0.000000 0.000000 0.000000 1.000000
0.497696 -0.346621 -0.795080 2.612103 -0.076340 0.895613 -0.438235 49.443016 0.863985 0.278804 0.419282 -1.138724 0.000000 0.000000 0.000000 1.000000
0.496922 -0.349523 -0.794294 2.663297 -0.075694 0.894354 -0.440909 49.285980 0.864488 0.279221 0.417967 -1.206091 0.000000 0.000000 0.000000 1.000000
0.496253 -0.352392 -0.793444 2.714308 -0.074753 0.893180 -0.443442 49.131310 0.864954 0.279372 0.416901 -1.274457 0.000000 0.000000 0.000000 1.000000
0.495829 -0.355192 -0.792460 2.765313 -0.073127 0.892212 -0.445657 48.983723 0.865336 0.278920 0.416411 -1.345305 0.000000 0.000000 0.000000 1.000000
0.495982 -0.357801 -0.791189 2.802516 -0.070988 0.891401 -0.447621 48.837353 0.865426 0.278177 0.416720 -1.398803 0.000000 0.000000 0.000000 1.000000
0.496741 -0.360129 -0.789656 2.827310 -0.069229 0.890507 -0.449672 48.688206 0.865134 0.278037 0.417420 -1.453046 0.000000 0.000000 0.000000 1.000000
0.497425 -0.361569 -0.788566 2.835194 -0.068015 0.889950 -0.450959 48.584942 0.864837 0.277953 0.418091 -1.492779 0.000000 0.000000 0.000000 1.000000
0.498000 -0.362655 -0.787704 2.834292 -0.066973 0.889557 -0.451889 48.502441 0.864587 0.277795 0.418712 -1.527704 0.000000 0.000000 0.000000 1.000000
0.498433 -0.363549 -0.787018 2.823314 -0.065964 0.889288 -0.452566 48.423752 0.864415 0.277489 0.419269 -1.563255 0.000000 0.000000 0.000000 1.000000
0.498833 -0.364400 -0.786370 2.810115 -0.064962 0.889045 -0.453188 48.345863 0.864260 0.277149 0.419813 -1.598933 0.000000 0.000000 0.000000 1.000000
0.499224 -0.365242 -0.785731 2.796402 -0.063962 0.888807 -0.453796 48.268303 0.864109 0.276802 0.420353 -1.634641 0.000000 0.000000 0.000000 1.000000
0.499613 -0.366084 -0.785092 2.782528 -0.062957 0.888570 -0.454400 48.190926 0.863958 0.276451 0.420894 -1.670437 0.000000 0.000000 0.000000 1.000000
0.499997 -0.366925 -0.784455 2.768426 -0.061953 0.888334 -0.455000 48.113739 0.863809 0.276098 0.421432 -1.706346 0.000000 0.000000 0.000000 1.000000
0.500371 -0.367766 -0.783822 2.753656 -0.060940 0.888099 -0.455595 48.037369 0.863664 0.275733 0.421967 -1.742650 0.000000 0.000000 0.000000 1.000000
0.500652 -0.368459 -0.783317 2.739064 -0.060024 0.887936 -0.456034 47.970322 0.863565 0.275332 0.422430 -1.775637 0.000000 0.000000 0.000000 1.000000
0.500791 -0.368823 -0.783057 2.729660 -0.059379 0.887904 -0.456181 47.917362 0.863529 0.274948 0.422754 -1.798437 0.000000 0.000000 0.000000 1.000000
0.500901 -0.369115 -0.782849 2.721399 -0.058789 0.887901 -0.456263 47.867554 0.863505 0.274566 0.423051 -1.819111 0.000000 0.000000 0.000000 1.000000
0.501005 -0.369389 -0.782653 2.713431 -0.058213 0.887905 -0.456329 47.818409 0.863484 0.274184 0.423342 -1.839229 0.000000 0.000000 0.000000 1.000000
0.501105 -0.369650 -0.782466 2.705761 -0.057643 0.887915 -0.456382 47.769665 0.863465 0.273799 0.423631 -1.858984 0.000000 0.000000 0.000000 1.000000
0.501187 -0.369859 -0.782315 2.699514 -0.057099 0.887951 -0.456381 47.722233 0.863453 0.273401 0.423911 -1.877444 0.000000 0.000000 0.000000 1.000000
0.501232 -0.369847 -0.782291 2.698844 -0.056650 0.888091 -0.456163 47.679474 0.863457 0.272961 0.424188 -1.891002 0.000000 0.000000 0.000000 1.000000
0.501272 -0.369530 -0.782416 2.704921 -0.056215 0.888406 -0.455604 47.641937 0.863462 0.272365 0.424560 -1.901448 0.000000 0.000000 0.000000 1.000000
0.501352 -0.368937 -0.782644 2.717187 -0.055498 0.888962 -0.454606 47.602760 0.863462 0.271353 0.425207 -1.916607 0.000000 0.000000 0.000000 1.000000
0.501501 -0.368374 -0.782814 2.730367 -0.054724 0.889504 -0.453638 47.561909 0.863425 0.270339 0.425928 -1.932659 0.000000 0.000000 0.000000 1.000000
0.501775 -0.367955 -0.782835 2.742542 -0.053976 0.889931 -0.452890 47.519913 0.863312 0.269503 0.426685 -1.948079 0.000000 0.000000 0.000000 1.000000
0.502059 -0.367727 -0.782760 2.752033 -0.053340 0.890210 -0.452417 47.477543 0.863187 0.268892 0.427324 -1.964048 0.000000 0.000000 0.000000 1.000000
0.502342 -0.367575 -0.782650 2.761523 -0.052733 0.890436 -0.452044 47.435715 0.863060 0.268352 0.427919 -1.981272 0.000000 0.000000 0.000000 1.000000
0.502624 -0.367465 -0.782520 2.771218 -0.052141 0.890633 -0.451724 47.392967 0.862931 0.267849 0.428494 -1.999323 0.000000 0.000000 0.000000 1.000000
0.502904 -0.367392 -0.782375 2.780605 -0.051566 0.890803 -0.451454 47.350090 0.862803 0.267382 0.429044 -2.017721 0.000000 0.000000 0.000000 1.000000
0.503177 -0.367348 -0.782220 2.789385 -0.051011 0.890951 -0.451225 47.307625 0.862677 0.266947 0.429567 -2.036157 0.000000 0.000000 0.000000 1.000000
0.503439 -0.367336 -0.782057 2.796869 -0.050487 0.891074 -0.451042 47.266521 0.862554 0.266556 0.430056 -2.054162 0.000000 0.000000 0.000000 1.000000
0.503690 -0.367345 -0.781891 2.802876 -0.049991 0.891177 -0.450893 47.227104 0.862437 0.266198 0.430513 -2.071417 0.000000 0.000000 0.000000 1.000000
0.503924 -0.367375 -0.781727 2.806773 -0.049538 0.891258 -0.450783 47.190517 0.862326 0.265886 0.430927 -2.087327 0.000000 0.000000 0.000000 1.000000
0.504138 -0.367418 -0.781569 2.807745 -0.049130 0.891321 -0.450703 47.157387 0.862225 0.265615 0.431297 -2.101580 0.000000 0.000000 0.000000 1.000000
0.504291 -0.367480 -0.781441 2.801021 -0.048841 0.891347 -0.450683 47.134312 0.862152 0.265441 0.431550 -2.110408 0.000000 0.000000 0.000000 1.000000
0.504428 -0.367546 -0.781321 2.792202 -0.048582 0.891364 -0.450677 47.113865 0.862086 0.265292 0.431773 -2.117793 0.000000 0.000000 0.000000 1.000000
0.504557 -0.367617 -0.781204 2.782284 -0.048337 0.891375 -0.450681 47.094696 0.862024 0.265155 0.431980 -2.124407 0.000000 0.000000 0.000000 1.000000
0.504672 -0.367694 -0.781094 2.770553 -0.048116 0.891379 -0.450698 47.077435 0.861970 0.265038 0.432161 -2.130081 0.000000 0.000000 0.000000 1.000000
0.504712 -0.367801 -0.781017 2.749442 -0.048035 0.891335 -0.450794 47.070690 0.861950 0.265038 0.432200 -2.129892 0.000000 0.000000 0.000000 1.000000
0.504723 -0.367929 -0.780950 2.722851 -0.048028 0.891261 -0.450940 47.070251 0.861944 0.265107 0.432169 -2.126484 0.000000 0.000000 0.000000 1.000000
0.504716 -0.368060 -0.780893 2.696263 -0.048022 0.891188 -0.451085 47.070038 0.861949 0.265170 0.432122 -2.123023 0.000000 0.000000 0.000000 1.000000
0.504702 -0.368188 -0.780842 2.669245 -0.048028 0.891115 -0.451228 47.070221 0.861957 0.265238 0.432064 -2.119204 0.000000 0.000000 0.000000 1.000000
0.504688 -0.368339 -0.780779 2.641042 -0.048068 0.891018 -0.451416 47.073528 0.861962 0.265355 0.431981 -2.114207 0.000000 0.000000 0.000000 1.000000
0.504683 -0.368531 -0.780692 2.610484 -0.048209 0.890865 -0.451703 47.085762 0.861957 0.265603 0.431838 -2.106126 0.000000 0.000000 0.000000 1.000000
0.504703 -0.368746 -0.780577 2.581849 -0.048364 0.890688 -0.452034 47.100533 0.861937 0.265895 0.431700 -2.097982 0.000000 0.000000 0.000000 1.000000
0.504757 -0.369033 -0.780407 2.555690 -0.048523 0.890464 -0.452460 47.116539 0.861897 0.266250 0.431561 -2.090287 0.000000 0.000000 0.000000 1.000000
0.504913 -0.369430 -0.780118 2.529650 -0.048722 0.890144 -0.453068 47.135986 0.861794 0.266769 0.431446 -2.082049 0.000000 0.000000 0.000000 1.000000
0.505080 -0.369754 -0.779856 2.505558 -0.049087 0.889812 -0.453679 47.172794 0.861675 0.267425 0.431277 -2.069874 0.000000 0.000000 0.000000 1.000000
0.505174 -0.369728 -0.779808 2.486740 -0.049746 0.889605 -0.454013 47.241566 0.861582 0.268148 0.431013 -2.050276 0.000000 0.000000 0.000000 1.000000
0.505196 -0.369348 -0.779974 2.473704 -0.050724 0.889518 -0.454076 47.343781 0.861513 0.268961 0.430646 -2.022704 0.000000 0.000000 0.000000 1.000000
0.505268 -0.368907 -0.780136 2.460970 -0.051902 0.889393 -0.454187 47.471664 0.861400 0.269977 0.430234 -1.990714 0.000000 0.000000 0.000000 1.000000
0.505531 -0.368556 -0.780131 2.446048 -0.053424 0.889071 -0.454641 47.654129 0.861153 0.271513 0.429763 -1.949890 0.000000 0.000000 0.000000 1.000000
0.505793 -0.368260 -0.780102 2.432089 -0.054992 0.888700 -0.455180 47.853657 0.860901 0.273126 0.429246 -1.904654 0.000000 0.000000 0.000000 1.000000
0.506365 -0.367329 -0.780169 2.413440 -0.056594 0.888626 -0.455127 48.048443 0.860460 0.274614 0.429181 -1.853481 0.000000 0.000000 0.000000 1.000000
0.507425 -0.365597 -0.780294 2.388944 -0.058261 0.888905 -0.454372 48.234646 0.859724 0.276020 0.429752 -1.796085 0.000000 0.000000 0.000000 1.000000
0.508744 -0.363501 -0.780415 2.362109 -0.059997 0.889318 -0.453337 48.419674 0.858825 0.277454 0.430626 -1.736000 0.000000 0.000000 0.000000 1.000000
0.510212 -0.361163 -0.780542 2.333671 -0.061760 0.889826 -0.452100 48.602615 0.857828 0.278873 0.431694 -1.674196 0.000000 0.000000 0.000000 1.000000
0.511730 -0.358712 -0.780678 2.304388 -0.063528 0.890381 -0.450761 48.783752 0.856794 0.280263 0.432847 -1.611521 0.000000 0.000000 0.000000 1.000000
0.513244 -0.356193 -0.780837 2.274377 -0.065275 0.890973 -0.449340 48.962242 0.855757 0.281590 0.434036 -1.548178 0.000000 0.000000 0.000000 1.000000
0.514752 -0.353489 -0.781074 2.242240 -0.066957 0.891686 -0.447675 49.132622 0.854720 0.282740 0.435329 -1.482872 0.000000 0.000000 0.000000 1.000000
0.515455 -0.350923 -0.781767 2.206136 -0.068102 0.892640 -0.445595 49.265778 0.854206 0.282925 0.436217 -1.414783 0.000000 0.000000 0.000000 1.000000
0.515717 -0.348454 -0.782697 2.168112 -0.068961 0.893709 -0.443315 49.379482 0.853979 0.282601 0.436872 -1.345440 0.000000 0.000000 0.000000 1.000000
0.515870 -0.346007 -0.783682 2.129575 -0.069750 0.894802 -0.440982 49.488377 0.853822 0.282151 0.437468 -1.275742 0.000000 0.000000 0.000000 1.000000
0.515998 -0.343561 -0.784673 2.090988 -0.070527 0.895893 -0.438636 49.596325 0.853681 0.281676 0.438049 -1.205995 0.000000 0.000000 0.000000 1.000000
0.516115 -0.341114 -0.785663 2.052327 -0.071298 0.896980 -0.436283 49.703899 0.853546 0.281189 0.438625 -1.136275 0.000000 0.000000 0.000000 1.000000
0.516222 -0.338664 -0.786652 2.013539 -0.072061 0.898066 -0.433917 49.810810 0.853418 0.280685 0.439197 -1.066649 0.000000 0.000000 0.000000 1.000000
0.516281 -0.336213 -0.787664 1.973912 -0.072766 0.899171 -0.431505 49.914375 0.853323 0.280093 0.439759 -0.997749 0.000000 0.000000 0.000000 1.000000
0.516370 -0.333692 -0.788677 1.926824 -0.073187 0.900393 -0.428878 50.004894 0.853233 0.279180 0.440514 -0.939497 0.000000 0.000000 0.000000 1.000000
0.516474 -0.331139 -0.789685 1.877135 -0.073510 0.901653 -0.426168 50.090969 0.853142 0.278154 0.441338 -0.884940 0.000000 0.000000 0.000000 1.000000
0.516586 -0.328578 -0.790680 1.826657 -0.073811 0.902912 -0.423441 50.176022 0.853048 0.277105 0.442179 -0.831723 0.000000 0.000000 0.000000 1.000000
0.516706 -0.326014 -0.791663 1.775657 -0.074108 0.904163 -0.420711 50.260761 0.852950 0.276052 0.443026 -0.779513 0.000000 0.000000 0.000000 1.000000
0.516833 -0.323449 -0.792631 1.724260 -0.074402 0.905404 -0.417982 50.345383 0.852847 0.275000 0.443878 -0.728357 0.000000 0.000000 0.000000 1.000000
0.517004 -0.320897 -0.793557 1.670738 -0.074685 0.906624 -0.415277 50.429409 0.852719 0.273967 0.444762 -0.682100 0.000000 0.000000 0.000000 1.000000
0.517319 -0.318449 -0.794337 1.609538 -0.074942 0.907766 -0.412729 50.512161 0.852505 0.273042 0.445739 -0.654801 0.000000 0.000000 0.000000 1.000000
0.517417 -0.316695 -0.794974 1.550422 -0.075488 0.908484 -0.411045 50.606800 0.852397 0.272693 0.446158 -0.643886 0.000000 0.000000 0.000000 1.000000
0.517445 -0.315545 -0.795413 1.509563 -0.075790 0.908976 -0.409900 50.671940 0.852354 0.272385 0.446430 -0.638974 0.000000 0.000000 0.000000 1.000000
0.517492 -0.314421 -0.795828 1.471446 -0.076022 0.909473 -0.408754 50.732872 0.852304 0.272027 0.446742 -0.632613 0.000000 0.000000 0.000000 1.000000
0.517574 -0.313331 -0.796204 1.436829 -0.076168 0.909972 -0.407615 50.787647 0.852242 0.271616 0.447112 -0.625044 0.000000 0.000000 0.000000 1.000000
0.517674 -0.312298 -0.796544 1.404854 -0.076240 0.910460 -0.406509 50.837181 0.852174 0.271168 0.447512 -0.616791 0.000000 0.000000 0.000000 1.000000
0.517796 -0.311273 -0.796866 1.374941 -0.076276 0.910951 -0.405400 50.882252 0.852097 0.270696 0.447945 -0.608283 0.000000 0.000000 0.000000 1.000000
0.517953 -0.310231 -0.797171 1.347512 -0.076287 0.911452 -0.404272 50.920933 0.852001 0.270208 0.448422 -0.599960 0.000000 0.000000 0.000000 1.000000
0.518198 -0.309252 -0.797392 1.323065 -0.076250 0.911920 -0.403222 50.949070 0.851855 0.269750 0.448974 -0.593972 0.000000 0.000000 0.000000 1.000000
0.518478 -0.308291 -0.797582 1.299530 -0.076202 0.912376 -0.402199 50.973694 0.851689 0.269308 0.449554 -0.588823 0.000000 0.000000 0.000000 1.000000
0.518772 -0.307337 -0.797759 1.276396 -0.076153 0.912825 -0.401187 50.996838 0.851514 0.268876 0.450143 -0.584143 0.000000 0.000000 0.000000 1.000000
0.519135 -0.306410 -0.797880 1.254568 -0.076096 0.913251 -0.400227 51.013325 0.851298 0.268487 0.450784 -0.581569 0.000000 0.000000 0.000000 1.000000
0.519569 -0.305509 -0.797943 1.234200 -0.076033 0.913654 -0.399319 51.022446 0.851039 0.268143 0.451477 -0.581399 0.000000 0.000000 0.000000 1.000000
0.520088 -0.304641 -0.797936 1.215652 -0.075961 0.914028 -0.398474 51.022388 0.850728 0.267854 0.452234 -0.584097 0.000000 0.000000 0.000000 1.000000
0.520754 -0.303844 -0.797806 1.200531 -0.075867 0.914351 -0.397751 51.006046 0.850329 0.267658 0.453100 -0.592153 0.000000 0.000000 0.000000 1.000000
0.521533 -0.303181 -0.797549 1.190095 -0.075729 0.914603 -0.397198 50.969555 0.849864 0.267549 0.454036 -0.606575 0.000000 0.000000 0.000000 1.000000
0.522334 -0.302692 -0.797210 1.184318 -0.075541 0.914780 -0.396827 50.918068 0.849388 0.267499 0.454955 -0.625515 0.000000 0.000000 0.000000 1.000000
0.523132 -0.302278 -0.796844 1.180398 -0.075339 0.914925 -0.396532 50.862862 0.848915 0.267471 0.455853 -0.645312 0.000000 0.000000 0.000000 1.000000
0.523905 -0.302096 -0.796406 1.182044 -0.075087 0.914973 -0.396467 50.798172 0.848461 0.267511 0.456675 -0.666810 0.000000 0.000000 0.000000 1.000000
0.524602 -0.302621 -0.795747 1.200798 -0.074684 0.914729 -0.397106 50.704765 0.848066 0.267752 0.457268 -0.693338 0.000000 0.000000 0.000000 1.000000
0.525257 -0.303368 -0.795030 1.225225 -0.074231 0.914395 -0.397959 50.602310 0.847699 0.268047 0.457773 -0.721142 0.000000 0.000000 0.000000 1.000000
0.525822 -0.304303 -0.794299 1.256638 -0.073722 0.913998 -0.398965 50.489525 0.847394 0.268342 0.458167 -0.749492 0.000000 0.000000 0.000000 1.000000
0.526260 -0.305505 -0.793547 1.296943 -0.073144 0.913506 -0.400195 50.364304 0.847172 0.268649 0.458396 -0.778155 0.000000 0.000000 0.000000 1.000000
0.526592 -0.306833 -0.792815 1.342757 -0.072516 0.912981 -0.401505 50.231354 0.847020 0.268921 0.458518 -0.806655 0.000000 0.000000 0.000000 1.000000
0.526799 -0.308231 -0.792134 1.393031 -0.071843 0.912452 -0.402827 50.092701 0.846948 0.269118 0.458535 -0.834397 0.000000 0.000000 0.000000 1.000000
0.526832 -0.309672 -0.791550 1.448592 -0.071107 0.911947 -0.404101 49.947258 0.846990 0.269178 0.458423 -0.860874 0.000000 0.000000 0.000000 1.000000
0.526699 -0.311181 -0.791046 1.508707 -0.070312 0.911449 -0.405361 49.796371 0.847139 0.269123 0.458179 -0.886127 0.000000 0.000000 0.000000 1.000000
0.526317 -0.312742 -0.790685 1.575083 -0.069433 0.910989 -0.406545 49.637913 0.847449 0.268871 0.457754 -0.909352 0.000000 0.000000 0.000000 1.000000
0.525136 -0.314522 -0.790764 1.661901 -0.068274 0.910632 -0.407539 49.451935 0.848275 0.268002 0.456732 -0.926970 0.000000 0.000000 0.000000 1.000000
0.523886 -0.316500 -0.790804 1.720691 -0.067093 0.910187 -0.408727 49.264805 0.849142 0.267184 0.455600 -0.950809 0.000000 0.000000 0.000000 1.000000
0.522990 -0.318462 -0.790610 1.760768 -0.065900 0.909692 -0.410021 49.077019 0.849788 0.266538 0.454773 -0.992344 0.000000 0.000000 0.000000 1.000000
0.522881 -0.320095 -0.790022 1.814731 -0.064724 0.909230 -0.411233 48.891354 0.849945 0.266159 0.454701 -1.056091 0.000000 0.000000 0.000000 1.000000
0.522916 -0.321668 -0.789359 1.871738 -0.063545 0.908772 -0.412426 48.706093 0.850012 0.265824 0.454771 -1.125013 0.000000 0.000000 0.000000 1.000000
0.522963 -0.323237 -0.788687 1.930071 -0.062356 0.908315 -0.413613 48.521057 0.850072 0.265484 0.454859 -1.197142 0.000000 0.000000 0.000000 1.000000
0.522920 -0.324907 -0.788029 1.997478 -0.061117 0.907831 -0.414858 48.342369 0.850188 0.265100 0.454865 -1.295114 0.000000 0.000000 0.000000 1.000000
0.522806 -0.326633 -0.787391 2.068390 -0.059890 0.907322 -0.416149 48.169151 0.850345 0.264722 0.454791 -1.400434 0.000000 0.000000 0.000000 1.000000
0.522605 -0.328462 -0.786764 2.142083 -0.058925 0.906687 -0.417668 48.024872 0.850536 0.264636 0.454484 -1.495198 0.000000 0.000000 0.000000 1.000000
0.522186 -0.330432 -0.786217 2.217813 -0.058139 0.905952 -0.419369 47.910515 0.850848 0.264698 0.453864 -1.576520 0.000000 0.000000 0.000000 1.000000
0.521746 -0.332119 -0.785798 2.293393 -0.057399 0.905354 -0.420761 47.807377 0.851168 0.264635 0.453301 -1.649698 0.000000 0.000000 0.000000 1.000000
0.521374 -0.333550 -0.785438 2.367026 -0.056725 0.904858 -0.421918 47.716103 0.851441 0.264531 0.452849 -1.711464 0.000000 0.000000 0.000000 1.000000
0.521018 -0.334828 -0.785131 2.437671 -0.056025 0.904447 -0.422890 47.630913 0.851705 0.264321 0.452475 -1.766820 0.000000 0.000000 0.000000 1.000000
0.520708 -0.335471 -0.785062 2.488514 -0.055343 0.904364 -0.423159 47.567757 0.851939 0.263790 0.452343 -1.804507 0.000000 0.000000 0.000000 1.000000
0.520473 -0.335600 -0.785162 2.520603 -0.054854 0.904485 -0.422964 47.522442 0.852114 0.263210 0.452351 -1.829961 0.000000 0.000000 0.000000 1.000000
0.520275 -0.335519 -0.785328 2.544935 -0.054473 0.904679 -0.422598 47.484097 0.852260 0.262646 0.452405 -1.851064 0.000000 0.000000 0.000000 1.000000
0.520094 -0.335339 -0.785525 2.565639 -0.054139 0.904909 -0.422148 47.449051 0.852391 0.262085 0.452483 -1.870030 0.000000 0.000000 0.000000 1.000000
0.519929 -0.335085 -0.785743 2.583583 -0.053843 0.905163 -0.421640 47.416584 0.852511 0.261529 0.452579 -1.887335 0.000000 0.000000 0.000000 1.000000
0.519774 -0.334781 -0.785975 2.599416 -0.053574 0.905434 -0.421093 47.386021 0.852622 0.260981 0.452686 -1.903330 0.000000 0.000000 0.000000 1.000000
0.519626 -0.334464 -0.786208 2.614487 -0.053315 0.905707 -0.420538 47.356468 0.852728 0.260440 0.452797 -1.918741 0.000000 0.000000 0.000000 1.000000
0.519504 -0.334056 -0.786462 2.625381 -0.053122 0.906004 -0.419923 47.331154 0.852815 0.259930 0.452927 -1.931347 0.000000 0.000000 0.000000 1.000000
0.519437 -0.333575 -0.786710 2.632720 -0.052987 0.906312 -0.419274 47.309692 0.852864 0.259472 0.453097 -1.941300 0.000000 0.000000 0.000000 1.000000
0.519414 -0.333101 -0.786927 2.638691 -0.052885 0.906600 -0.418664 47.290298 0.852885 0.259076 0.453284 -1.949567 0.000000 0.000000 0.000000 1.000000
0.519411 -0.332662 -0.787114 2.644197 -0.052804 0.906858 -0.418115 47.272388 0.852892 0.258736 0.453466 -1.956552 0.000000 0.000000 0.000000 1.000000
0.519417 -0.332232 -0.787291 2.649823 -0.052776 0.907094 -0.417607 47.255356 0.852890 0.258462 0.453626 -1.962362 0.000000 0.000000 0.000000 1.000000
0.519427 -0.331940 -0.787408 2.655630 -0.052766 0.907250 -0.417269 47.240482 0.852884 0.258290 0.453735 -1.965966 0.000000 0.000000 0.000000 1.000000
0.519434 -0.331869 -0.787433 2.660327 -0.052770 0.907285 -0.417191 47.229923 0.852880 0.258256 0.453762 -1.965706 0.000000 0.000000 0.000000 1.000000
0.519429 -0.331916 -0.787417 2.662094 -0.052771 0.907261 -0.417244 47.225334 0.852883 0.258281 0.453742 -1.962005 0.000000 0.000000 0.000000 1.000000
0.519402 -0.331997 -0.787400 2.662790 -0.052782 0.907219 -0.417335 47.223015 0.852898 0.258325 0.453688 -1.957325 0.000000 0.000000 0.000000 1.000000
0.519343 -0.332044 -0.787419 2.662974 -0.052785 0.907203 -0.417369 47.221321 0.852934 0.258322 0.453623 -1.953117 0.000000 0.000000 0.000000 1.000000
0.519193 -0.332197 -0.787454 2.662478 -0.052705 0.907170 -0.417451 47.221329 0.853030 0.258240 0.453488 -1.950517 0.000000 0.000000 0.000000 1.000000
0.519031 -0.332411 -0.787471 2.662000 -0.052596 0.907116 -0.417582 47.221867 0.853136 0.258156 0.453337 -1.947909 0.000000 0.000000 0.000000 1.000000</float_array><technique_common><accessor source="#swat_Hips-Matrix-animation-output-transform-array" count="201" stride="16"><param type="float4x4"/></accessor></technique_common></source><source id="swat_Hips-Interpolations"><Name_array id="swat_Hips-Interpolations-array" count="201">
 LINEAR LINEAR LINEAR LINEAR LINEAR LINEAR LINEAR LINEAR LINEAR LINEAR LINEAR
LINEAR LINEAR LINEAR LINEAR LINEAR LINEAR LINEAR LINEAR LINEAR LINEAR LINEAR LINEAR
LINEAR LINEAR LINEAR LINEAR LINEAR LINEAR LINEAR LINEAR LINEAR LINEAR LINEAR LINEAR
LINEAR LINEAR LINEAR LINEAR LINEAR LINEAR LINEAR LINEAR LINEAR LINEAR LINEAR LINEAR
LINEAR LINEAR LINEAR LINEAR LINEAR LINEAR LINEAR LINEAR LINEAR LINEAR LINEAR LINEAR
LINEAR LINEAR LINEAR LINEAR LINEAR LINEAR LINEAR LINEAR LINEAR LINEAR LINEAR LINEAR
LINEAR LINEAR LINEAR LINEAR LINEAR LINEAR LINEAR LINEAR LINEAR LINEAR LINEAR LINEAR
LINEAR LINEAR LINEAR LINEAR LINEAR LINEAR LINEAR LINEAR LINEAR LINEAR LINEAR LINEAR
LINEAR LINEAR LINEAR LINEAR LINEAR LINEAR LINEAR LINEAR LINEAR LINEAR LINEAR LINEAR
LINEAR LINEAR LINEAR LINEAR LINEAR LINEAR LINEAR LINEAR LINEAR LINEAR LINEAR LINEAR
LINEAR LINEAR LINEAR LINEAR LINEAR LINEAR LINEAR LINEAR LINEAR LINEAR LINEAR LINEAR
LINEAR LINEAR LINEAR LINEAR LINEAR LINEAR LINEAR LINEAR LINEAR LINEAR LINEAR LINEAR
LINEAR LINEAR LINEAR LINEAR LINEAR LINEAR LINEAR LINEAR LINEAR LINEAR LINEAR LINEAR
LINEAR LINEAR LINEAR LINEAR LINEAR LINEAR LINEAR LINEAR LINEAR LINEAR LINEAR LINEAR
LINEAR LINEAR LINEAR LINEAR LINEAR LINEAR LINEAR LINEAR LINEAR LINEAR LINEAR LINEAR
LINEAR LINEAR LINEAR LINEAR LINEAR LINEAR LINEAR LINEAR LINEAR LINEAR LINEAR LINEAR
LINEAR LINEAR LINEAR LINEAR LINEAR LINEAR LINEAR LINEAR LINEAR LINEAR</Name_array><technique_common><accessor source="#swat_Hips-Interpolations-array" count="201"><param type="name"/></accessor></technique_common></source><sampler id="swat_Hips-Matrix-animation-transform"><input semantic="INPUT" source="#swat_Hips-Matrix-animation-input"/><input semantic="OUTPUT" source="#swat_Hips-Matrix-animation-output-transform"/><input semantic="INTERPOLATION" source="#swat_Hips-Interpolations"/></sampler><channel source="#swat_Hips-Matrix-animation-transform" target="swat_Hips/matrix"/></animation>
    <animation id="swat_Spine-anim" name="swat_Spine"><source id="swat_Spine-Matrix-animation-input"><float_array id="swat_Spine-Matrix-animation-input-array" count="201">

0.000000 0.033333 0.066667 0.100000 0.133333 0.166667 0.200000 0.233333 0.266667 0.300000 0.333333 0.366667 0.400000 0.433333 0.466667 0.500000
0.533333 0.566667 0.600000 0.633333 0.666667 0.700000 0.733333 0.766667 0.800000 0.833333 0.866667 0.900000 0.933333 0.966667 1.000000 1.033333
1.066667 1.100000 1.133333 1.166667 1.200000 1.233333 1.266667 1.300000 1.333333 1.366667 1.400000 1.433333 1.466667 1.500000 1.533333 1.566667
1.600000 1.633333 1.666667 1.700000 1.733333 1.766667 1.800000 1.833333 1.866667 1.900000 1.933333 1.966667 2.000000 2.033333 2.066667 2.100000
2.133333 2.166667 2.200000 2.233333 2.266667 2.300000 2.333333 2.366667 2.400000 2.433333 2.466667 2.500000 2.533333 2.566667 2.600000 2.633333
2.666667 2.700000 2.733333 2.766667 2.800000 2.833333 2.866667 2.900000 2.933333 2.966667 3.000000 3.033333 3.066667 3.100000 3.133333 3.166667
3.200000 3.233333 3.266667 3.300000 3.333333 3.366667 3.400000 3.433333 3.466667 3.500000 3.533333 3.566667 3.600000 3.633333 3.666667 3.700000
3.733333 3.766667 3.800000 3.833333 3.866667 3.900000 3.933333 3.966667 4.000000 4.033333 4.066667 4.100000 4.133333 4.166667 4.200000 4.233333
4.266667 4.300000 4.333333 4.366667 4.400000 4.433333 4.466667 4.500000 4.533333 4.566667 4.600000 4.633333 4.666667 4.700000 4.733333 4.766667
4.800000 4.833333 4.866667 4.900000 4.933333 4.966667 5.000000 5.033333 5.066667 5.100000 5.133333 5.166667 5.200000 5.233333 5.266667 5.300000
5.333333 5.366667 5.400000 5.433333 5.466667 5.500000 5.533333 5.566667 5.600000 5.633333 5.666667 5.700000 5.733333 5.766667 5.800000 5.833333
5.866667 5.900000 5.933333 5.966667 6.000000 6.033333 6.066667 6.100000 6.133333 6.166667 6.200000 6.233333 6.266667 6.300000 6.333333 6.366667
6.400000 6.433333 6.466667 6.500000 6.533333 6.566667 6.600000 6.633333 6.666667</float_array><technique_common><accessor source="#swat_Spine-Matrix-animation-input-array" count="201"><param name="TIME" type="float"/></accessor></technique_common></source><source id="swat_Spine-Matrix-animation-output-transform"><float_array id="swat_Spine-Matrix-animation-output-transform-array" count="3216">

0.999782 0.018497 -0.009681 -0.000000 -0.018965 0.998535 -0.050681 9.226300 0.008729 0.050854 0.998668 1.577100 0.000000 0.000000 0.000000 1.000000
0.999790 0.018073 -0.009639 -0.000000 -0.018539 0.998542 -0.050687 9.226300 0.008709 0.050856 0.998668 1.577100 0.000000 0.000000 0.000000 1.000000
0.999798 0.017638 -0.009605 0.000000 -0.018103 0.998550 -0.050694 9.226300 0.008697 0.050857 0.998668 1.577100 0.000000 0.000000 0.000000 1.000000
0.999806 0.017202 -0.009570 -0.000000 -0.017666 0.998558 -0.050700 9.226300 0.008684 0.050859 0.998668 1.577100 0.000000 0.000000 0.000000 1.000000
0.999814 0.016790 -0.009530 -0.000000 -0.017252 0.998565 -0.050705 9.226300 0.008665 0.050860 0.998668 1.577100 0.000000 0.000000 0.000000 1.000000
0.999820 0.016431 -0.009500 -0.000000 -0.016893 0.998571 -0.050709 9.226300 0.008653 0.050861 0.998668 1.577100 0.000000 0.000000 0.000000 1.000000
0.999825 0.016136 -0.009468 0.000000 -0.016596 0.998575 -0.050713 9.226300 0.008637 0.050861 0.998668 1.577100 0.000000 0.000000 0.000000 1.000000
0.999829 0.015884 -0.009440 -0.000000 -0.016343 0.998579 -0.050716 9.226300 0.008621 0.050862 0.998668 1.577100 0.000000 0.000000 0.000000 1.000000
0.999833 0.015671 -0.009416 0.000000 -0.016129 0.998583 -0.050718 9.226300 0.008608 0.050862 0.998669 1.577100 0.000000 0.000000 0.000000 1.000000
0.999836 0.015484 -0.009386 0.000000 -0.015941 0.998586 -0.050722 9.226300 0.008587 0.050863 0.998669 1.577100 0.000000 0.000000 0.000000 1.000000
0.999839 0.015307 -0.009364 0.000000 -0.015763 0.998588 -0.050724 9.226300 0.008574 0.050863 0.998669 1.577100 0.000000 0.000000 0.000000 1.000000
0.999842 0.015136 -0.009334 0.000000 -0.015591 0.998591 -0.050726 9.226300 0.008553 0.050864 0.998669 1.577100 0.000000 0.000000 0.000000 1.000000
0.999845 0.014961 -0.009307 0.000000 -0.015415 0.998594 -0.050727 9.226300 0.008535 0.050862 0.998669 1.577100 0.000000 0.000000 0.000000 1.000000
0.999848 0.014774 -0.009274 0.000000 -0.015226 0.998596 -0.050731 9.226300 0.008512 0.050864 0.998669 1.577100 0.000000 0.000000 0.000000 1.000000
0.999851 0.014566 -0.009238 0.000000 -0.015016 0.998599 -0.050733 9.226300 0.008487 0.050864 0.998670 1.577100 0.000000 0.000000 0.000000 1.000000
0.999855 0.014341 -0.009206 0.000000 -0.014790 0.998603 -0.050736 9.226300 0.008465 0.050865 0.998670 1.577100 0.000000 0.000000 0.000000 1.000000
0.999858 0.014117 -0.009174 0.000000 -0.014565 0.998606 -0.050739 9.226300 0.008445 0.050865 0.998670 1.577100 0.000000 0.000000 0.000000 1.000000
