<?xml version="1.0" encoding="utf-8"?>
<COLLADA xmlns="http://www.collada.org/2005/11/COLLADASchema" version="1.4.1">
  <asset><contributor><author>Mixamo</author><authoring_tool>COLLADA Mixamo exporter</authoring_tool><comments></comments></contributor><created>2018-06-07T18:35:22Z</created><modified>2018-06-07T18:35:22Z</modified><revision></revision><title></title><unit meter="0.010000"/><up_axis>Y_UP</up_axis></asset>
  <library_animations>
    <animation id="swat_Hips-anim" name="swat_Hips"><source id="swat_Hips-Matrix-animation-input"><float_array id="swat_Hips-Matrix-animation-input-array" count="42">

0.000000 0.033333 0.066667 0.100000 0.133333 0.166667 0.200000 0.233333 0.266667 0.300000 0.333333 0.366667 0.400000 0.433333 0.466667 0.500000
0.533333 0.566667 0.600000 0.633333 0.666667 0.700000 0.733333 0.766667 0.800000 0.833333 0.866667 0.900000 0.933333 0.966667 1.000000 1.033333
1.066667 1.100000 1.133333 1.166667 1.200000 1.233333 1.266667 1.300000 1.333333 1.366667</float_array><technique_common><accessor source="#swat_Hips-Matrix-animation-input-array" count="42"><param name="TIME" type="float"/></accessor></technique_common></source><source id="swat_Hips-Matrix-animation-output-transform"><float_array id="swat_Hips-Matrix-animation-output-transform-array" count="672">

0.579381 -0.343822 -0.738989 2.317519 -0.011697 0.903070 -0.429333 71.042061 0.814973 0.257391 0.519200 -1.933953 0.000000 0.000000 0.000000 1.000000
0.577816 -0.337615 -0.743064 2.156779 -0.027887 0.901733 -0.431393 70.858971 0.815691 0.269987 0.511621 -0.810699 0.000000 0.000000 0.000000 1.000000
0.577144 -0.329795 -0.747088 2.013110 -0.044621 0.900726 -0.432089 70.628525 0.815423 0.282713 0.505133 0.319827 0.000000 0.000000 0.000000 1.000000
0.579812 -0.315290 -0.751273 2.023452 -0.064951 0.901268 -0.428366 70.161896 0.812158 0.297167 0.502087 1.490097 0.000000 0.000000 0.000000 1.000000
0.586283 -0.296634 -0.753844 2.284647 -0.085581 0.902663 -0.421752 69.383537 0.805573 0.311781 0.503829 2.669621 0.000000 0.000000 0.000000 1.000000
0.595675 -0.276784 -0.754031 2.649247 -0.104286 0.904157 -0.414276 68.593277 0.796427 0.325408 0.509719 3.788165 0.000000 0.000000 0.000000 1.000000
0.609570 -0.256028 -0.750250 3.111627 -0.118588 0.906309 -0.405636 67.870300 0.783812 0.336234 0.522097 4.854976 0.000000 0.000000 0.000000 1.000000
0.633841 -0.232354 -0.737738 3.549362 -0.126953 0.909622 -0.395564 67.208084 0.762973 0.344383 0.547058 5.676599 0.000000 0.000000 0.000000 1.000000
0.655108 -0.214522 -0.724440 3.981739 -0.124614 0.915033 -0.383648 66.576675 0.745188 0.341606 0.572713 6.176039 0.000000 0.000000 0.000000 1.000000
0.676510 -0.192347 -0.710870 4.362735 -0.114736 0.925972 -0.359739 66.132187 0.727441 0.324930 0.604360 6.490926 0.000000 0.000000 0.000000 1.000000
0.690386 -0.179228 -0.700888 4.824049 -0.100683 0.935593 -0.338420 65.906990 0.716400 0.304208 0.627876 6.562263 0.000000 0.000000 0.000000 1.000000
0.688673 -0.183269 -0.701529 5.396113 -0.080416 0.942255 -0.325099 66.032166 0.720599 0.280301 0.634167 6.384422 0.000000 0.000000 0.000000 1.000000
0.663488 -0.196056 -0.722043 6.303284 -0.066303 0.945852 -0.317753 67.041016 0.745244 0.258699 0.614562 6.222103 0.000000 0.000000 0.000000 1.000000
0.632487 -0.204908 -0.746976 7.403999 -0.062359 0.947772 -0.312792 68.592720 0.772057 0.244418 0.586676 5.986084 0.000000 0.000000 0.000000 1.000000
0.613035 -0.215185 -0.760186 8.540434 -0.063948 0.945522 -0.319217 70.322487 0.787463 0.244304 0.565878 5.544581 0.000000 0.000000 0.000000 1.000000
0.605087 -0.222765 -0.764359 9.574445 -0.068297 0.941996 -0.328601 71.731277 0.793225 0.251036 0.554776 5.326054 0.000000 0.000000 0.000000 1.000000
0.598180 -0.227092 -0.768512 10.538410 -0.077572 0.938095 -0.337581 72.888344 0.797599 0.261549 0.543533 5.283430 0.000000 0.000000 0.000000 1.000000
0.590457 -0.229596 -0.773722 11.500333 -0.090891 0.933665 -0.346421 73.846375 0.801934 0.274872 0.530421 5.252576 0.000000 0.000000 0.000000 1.000000
0.583589 -0.231145 -0.778457 12.428647 -0.105945 0.928767 -0.355200 74.513634 0.805108 0.289764 0.517530 5.326585 0.000000 0.000000 0.000000 1.000000
0.578042 -0.233014 -0.782030 13.268940 -0.121016 0.923286 -0.364553 74.833336 0.806983 0.305365 0.505500 5.515604 0.000000 0.000000 0.000000 1.000000
0.574034 -0.235470 -0.784244 13.947016 -0.136819 0.916713 -0.375390 74.876884 0.807320 0.322786 0.494008 5.830645 0.000000 0.000000 0.000000 1.000000
0.573871 -0.237379 -0.783788 14.454379 -0.153470 0.908941 -0.387650 74.818489 0.804437 0.342749 0.485184 6.211397 0.000000 0.000000 0.000000 1.000000
0.580596 -0.236902 -0.778964 14.613462 -0.171991 0.899458 -0.401740 74.674232 0.795818 0.367223 0.481477 6.637918 0.000000 0.000000 0.000000 1.000000
0.586581 -0.232607 -0.775768 14.589105 -0.188950 0.892130 -0.410368 74.294342 0.787541 0.387296 0.479355 6.985787 0.000000 0.000000 0.000000 1.000000
0.589649 -0.230839 -0.773968 14.440766 -0.199342 0.887043 -0.416433 73.671326 0.782673 0.399834 0.477028 7.228565 0.000000 0.000000 0.000000 1.000000
0.584468 -0.235789 -0.776402 14.222357 -0.199741 0.885596 -0.419313 72.846825 0.786448 0.400154 0.470506 7.408171 0.000000 0.000000 0.000000 1.000000
0.578003 -0.238251 -0.780480 13.931031 -0.189593 0.891051 -0.412412 71.768570 0.793705 0.386349 0.469859 7.465472 0.000000 0.000000 0.000000 1.000000
0.573544 -0.240815 -0.782979 13.572996 -0.174845 0.897801 -0.404206 70.452209 0.800298 0.368730 0.472823 7.327570 0.000000 0.000000 0.000000 1.000000
0.561054 -0.239727 -0.792307 13.148040 -0.162151 0.906776 -0.389185 69.088135 0.811743 0.346827 0.469878 7.012893 0.000000 0.000000 0.000000 1.000000
0.541003 -0.240699 -0.805841 12.541135 -0.148366 0.915828 -0.373157 67.698196 0.827831 0.321438 0.459754 6.397920 0.000000 0.000000 0.000000 1.000000
0.520397 -0.246555 -0.817556 11.809608 -0.128979 0.923731 -0.360673 66.335121 0.844127 0.293141 0.448907 5.481557 0.000000 0.000000 0.000000 1.000000
0.505315 -0.253627 -0.824821 11.115009 -0.101283 0.931795 -0.348570 65.337273 0.856971 0.259678 0.445162 4.537806 0.000000 0.000000 0.000000 1.000000
0.497373 -0.255607 -0.829026 10.231033 -0.091164 0.934919 -0.342950 64.850204 0.862733 0.246152 0.441702 3.584084 0.000000 0.000000 0.000000 1.000000
0.493779 -0.257779 -0.830501 9.211513 -0.086685 0.935703 -0.341972 65.025902 0.865256 0.240850 0.439685 2.513149 0.000000 0.000000 0.000000 1.000000
0.492949 -0.260520 -0.830139 8.121404 -0.084096 0.935385 -0.343487 65.813217 0.865985 0.239133 0.439188 1.404949 0.000000 0.000000 0.000000 1.000000
0.499376 -0.271319 -0.822806 6.926469 -0.076817 0.932094 -0.353978 67.100632 0.862973 0.239974 0.444623 0.082732 0.000000 0.000000 0.000000 1.000000
0.517647 -0.292908 -0.803895 5.631600 -0.062754 0.924046 -0.377095 68.673645 0.853290 0.245649 0.459948 -1.355058 0.000000 0.000000 0.000000 1.000000
0.539893 -0.317023 -0.779752 4.416710 -0.054475 0.911262 -0.408209 69.899788 0.839969 0.262866 0.474713 -2.374984 0.000000 0.000000 0.000000 1.000000
0.559611 -0.334406 -0.758293 3.539369 -0.041126 0.902646 -0.428415 70.590973 0.827734 0.270931 0.491378 -2.823771 0.000000 0.000000 0.000000 1.000000
0.571048 -0.342127 -0.746226 2.960338 -0.027229 0.900621 -0.433751 70.928726 0.820465 0.268011 0.504982 -2.841597 0.000000 0.000000 0.000000 1.000000
0.576460 -0.343251 -0.741534 2.522493 -0.018353 0.901823 -0.431715 71.058296 0.816919 0.262476 0.513566 -2.500741 0.000000 0.000000 0.000000 1.000000
0.579384 -0.343827 -0.738984 2.317636 -0.011686 0.903071 -0.429333 71.042633 0.814971 0.257384 0.519207 -1.933127 0.000000 0.000000 0.000000 1.000000</float_array><technique_common><accessor source="#swat_Hips-Matrix-animation-output-transform-array" count="42" stride="16"><param type="float4x4"/></accessor></technique_common></source><source id="swat_Hips-Interpolations"><Name_array id="swat_Hips-Interpolations-array" count="42">
 LINEAR LINEAR LINEAR LINEAR LINEAR LINEAR LINEAR LINEAR LINEAR LINEAR LINEAR
LINEAR LINEAR LINEAR LINEAR LINEAR LINEAR LINEAR LINEAR LINEAR LINEAR LINEAR LINEAR
LINEAR LINEAR LINEAR LINEAR LINEAR LINEAR LINEAR LINEAR LINEAR LINEAR LINEAR LINEAR
LINEAR LINEAR LINEAR LINEAR LINEAR LINEAR LINEAR</Name_array><technique_common><accessor source="#swat_Hips-Interpolations-array" count="42"><param type="name"/></accessor></technique_common></source><sampler id="swat_Hips-Matrix-animation-transform"><input semantic="INPUT" source="#swat_Hips-Matrix-animation-input"/><input semantic="OUTPUT" source="#swat_Hips-Matrix-animation-output-transform"/><input semantic="INTERPOLATION" source="#swat_Hips-Interpolations"/></sampler><channel source="#swat_Hips-Matrix-animation-transform" target="swat_Hips/matrix"/></animation>
    <animation id="swat_Spine-anim" name="swat_Spine"><source id="swat_Spine-Matrix-animation-input"><float_array id="swat_Spine-Matrix-animation-input-array" count="42">

0.000000 0.033333 0.066667 0.100000 0.133333 0.166667 0.200000 0.233333 0.266667 0.300000 0.333333 0.366667 0.400000 0.433333 0.466667 0.500000
0.533333 0.566667 0.600000 0.633333 0.666667 0.700000 0.733333 0.766667 0.800000 0.833333 0.866667 0.900000 0.933333 0.966667 1.000000 1.033333
1.066667 1.100000 1.133333 1.166667 1.200000 1.233333 1.266667 1.300000 1.333333 1.366667</float_array><technique_common><accessor source="#swat_Spine-Matrix-animation-input-array" count="42"><param name="TIME" type="float"/></accessor></technique_common></source><source id="swat_Spine-Matrix-animation-output-transform"><float_array id="swat_Spine-Matrix-animation-output-transform-array" count="672">

0.998498 0.043562 -0.033234 0.000000 -0.051710 0.949750 -0.308710 9.226300 0.018116 0.309965 0.950575 1.577100 0.000000 0.000000 0.000000 1.000000
0.999319 0.015057 -0.033673 -0.000000 -0.024380 0.954672 -0.296658 9.226300 0.027680 0.297277 0.954390 1.577100 0.000000 0.000000 0.000000 1.000000
0.999266 -0.015758 -0.034913 0.000000 0.005087 0.957982 -0.286784 9.226300 0.037965 0.286396 0.957359 1.577100 0.000000 0.000000 0.000000 1.000000
0.997695 -0.056328 -0.037845 -0.000000 0.043329 0.957973 -0.283568 9.226300 0.052227 0.281274 0.958205 1.577100 0.000000 0.000000 0.000000 1.000000
0.993434 -0.105888 -0.043331 0.000000 0.089520 0.955244 -0.281949 9.226300 0.071246 0.276219 0.958450 1.577100 0.000000 0.000000 0.000000 1.000000
0.986276 -0.157378 -0.049909 0.000000 0.137160 0.949287 -0.282917 9.226300 0.091903 0.272189 0.957845 1.577100 0.000000 0.000000 0.000000 1.000000
0.975952 -0.210039 -0.058317 0.000000 0.185007 0.939598 -0.287973 9.226300 0.115280 0.270258 0.955861 1.577100 0.000000 0.000000 0.000000 1.000000
0.962445 -0.263480 -0.065404 0.000000 0.233378 0.926084 -0.296483 9.226300 0.138687 0.270085 0.952796 1.577100 0.000000 0.000000 0.000000 1.000000
0.953802 -0.292758 -0.067484 0.000000 0.261246 0.919119 -0.294909 9.226300 0.148363 0.263655 0.953139 1.577100 0.000000 0.000000 0.000000 1.000000
0.948282 -0.309796 -0.069192 0.000000 0.275545 0.911585 -0.305103 9.226300 0.157594 0.270259 0.949802 1.577100 0.000000 0.000000 0.000000 1.000000
0.948398 -0.309633 -0.068323 -0.000000 0.274697 0.909949 -0.310701 9.226300 0.158374 0.275900 0.948049 1.577100 0.000000 0.000000 0.000000 1.000000
0.957715 -0.279111 -0.069847 0.000000 0.247001 0.922086 -0.297907 9.226300 0.147554 0.268058 0.952036 1.577100 0.000000 0.000000 0.000000 1.000000
0.971599 -0.226770 -0.067608 -0.000000 0.197257 0.933979 -0.297947 9.226300 0.130709 0.276149 0.952185 1.577100 0.000000 0.000000 0.000000 1.000000
0.981148 -0.181246 -0.067065 0.000000 0.152183 0.938500 -0.309933 9.226300 0.119114 0.293884 0.948390 1.577100 0.000000 0.000000 0.000000 1.000000
0.986024 -0.150098 -0.072296 0.000000 0.119686 0.940053 -0.319336 9.226300 0.115894 0.306221 0.944880 1.577100 0.000000 0.000000 0.000000 1.000000
0.989108 -0.129230 -0.070465 0.000000 0.099884 0.940923 -0.323554 9.226300 0.108115 0.312992 0.943582 1.577100 0.000000 0.000000 0.000000 1.000000
0.991904 -0.110570 -0.062451 0.000000 0.084455 0.941656 -0.325808 9.226300 0.094832 0.317896 0.943371 1.577100 0.000000 0.000000 0.000000 1.000000
0.994360 -0.094227 -0.048674 0.000000 0.073261 0.942117 -0.327182 9.226300 0.076687 0.321771 0.943707 1.577100 0.000000 0.000000 0.000000 1.000000
0.996335 -0.078576 -0.033798 -0.000000 0.063179 0.942396 -0.328478 9.226300 0.057662 0.325138 0.943907 1.577100 0.000000 0.000000 0.000000 1.000000
0.997789 -0.062740 -0.021949 0.000000 0.051975 0.942297 -0.330719 9.226300 0.041432 0.328846 0.943474 1.577100 0.000000 0.000000 0.000000 1.000000
0.998746 -0.047562 -0.015616 0.000000 0.039612 0.941596 -0.334408 9.226300 0.030609 0.333370 0.942299 1.577100 0.000000 0.000000 0.000000 1.000000
0.999249 -0.036740 -0.012289 0.000000 0.030454 0.941006 -0.337016 9.226300 0.023946 0.336389 0.941419 1.577100 0.000000 0.000000 0.000000 1.000000
0.999286 -0.036730 -0.008902 -0.000000 0.031768 0.943932 -0.328607 9.226300 0.020472 0.328090 0.944425 1.577100 0.000000 0.000000 0.000000 1.000000
0.999402 -0.034106 -0.005633 -0.000000 0.030451 0.945714 -0.323570 9.226300 0.016363 0.323205 0.946188 1.577100 0.000000 0.000000 0.000000 1.000000
0.999836 -0.017987 0.002317 0.000000 0.017790 0.947885 -0.318117 9.226300 0.003526 0.318105 0.948049 1.577100 0.000000 0.000000 0.000000 1.000000
0.999839 0.013582 0.011752 -0.000000 -0.009286 0.951009 -0.309023 9.226300 -0.015373 0.308865 0.950982 1.577100 0.000000 0.000000 0.000000 1.000000
0.998991 0.041108 0.018075 0.000000 -0.033373 0.948946 -0.313668 9.226300 -0.030047 0.312748 0.949361 1.577100 0.000000 0.000000 0.000000 1.000000
0.997993 0.059955 0.020396 0.000000 -0.050524 0.947957 -0.314364 9.226300 -0.038182 0.312703 0.949083 1.577100 0.000000 0.000000 0.000000 1.000000
0.996667 0.078291 0.022921 0.000000 -0.066647 0.943479 -0.324663 9.226300 -0.047043 0.322053 0.945552 1.577100 0.000000 0.000000 0.000000 1.000000
0.994558 0.100384 0.027895 -0.000000 -0.085374 0.938676 -0.334064 9.226300 -0.059719 0.329864 0.942138 1.577100 0.000000 0.000000 0.000000 1.000000
0.991774 0.124013 0.031702 0.000000 -0.105989 0.934498 -0.339824 9.226300 -0.071768 0.333668 0.939955 1.577100 0.000000 0.000000 0.000000 1.000000
0.991611 0.127537 0.021035 -0.000000 -0.112055 0.929285 -0.351957 9.226300 -0.064435 0.346647 0.935780 1.577100 0.000000 0.000000 0.000000 1.000000
0.993832 0.110102 0.013264 -0.000000 -0.098351 0.930324 -0.353305 9.226300 -0.051239 0.349821 0.935414 1.577100 0.000000 0.000000 0.000000 1.000000
0.996040 0.088604 0.007303 -0.000000 -0.080419 0.932954 -0.350897 9.226300 -0.037905 0.348920 0.936385 1.577100 0.000000 0.000000 0.000000 1.000000
0.997867 0.065278 0.001058 0.000000 -0.060864 0.936023 -0.346637 9.226300 -0.023619 0.345833 0.937999 1.577100 0.000000 0.000000 0.000000 1.000000
0.998380 0.056808 -0.003227 0.000000 -0.054495 0.938327 -0.341428 9.226300 -0.016367 0.341050 0.939903 1.577100 0.000000 0.000000 0.000000 1.000000
0.998076 0.061449 -0.008322 0.000000 -0.060758 0.942252 -0.329347 9.226300 -0.012397 0.329219 0.944172 1.577100 0.000000 0.000000 0.000000 1.000000
0.997606 0.068807 -0.006928 -0.000000 -0.067662 0.950468 -0.303369 9.226300 -0.014289 0.303112 0.952848 1.577100 0.000000 0.000000 0.000000 1.000000
0.997485 0.070333 -0.008724 -0.000000 -0.069970 0.957718 -0.279072 9.226300 -0.011272 0.278981 0.960231 1.577100 0.000000 0.000000 0.000000 1.000000
0.997778 0.063911 -0.018830 0.000000 -0.066627 0.956530 -0.283922 9.226300 -0.000134 0.284546 0.958662 1.577100 0.000000 0.000000 0.000000 1.000000
0.998102 0.055578 -0.026513 0.000000 -0.060946 0.953126 -0.296372 9.226300 0.008798 0.297426 0.954704 1.577100 0.000000 0.000000 0.000000 1.000000
0.998497 0.043563 -0.033247 0.000000 -0.051715 0.949750 -0.308707 9.226300 0.018128 0.309962 0.950576 1.577100 0.000000 0.000000 0.000000 1.000000</float_array><technique_common><accessor source="#swat_Spine-Matrix-animation-output-transform-array" count="42" stride="16"><param type="float4x4"/></accessor></technique_common></source><source id="swat_Spine-Interpolations"><Name_array id="swat_Spine-Interpolations-array" count="42">
 LINEAR LINEAR LINEAR LINEAR LINEAR LINEAR LINEAR LINEAR LINEAR LINEAR LINEAR
LINEAR LINEAR LINEAR LINEAR LINEAR LINEAR LINEAR LINEAR LINEAR LINEAR LINEAR LINEAR
LINEAR LINEAR LINEAR LINEAR LINEAR LINEAR LINEAR LINEAR LINEAR LINEAR LINEAR LINEAR
LINEAR LINEAR LINEAR LINEAR LINEAR LINEAR LINEAR</Name_array><technique_common><accessor source="#swat_Spine-Interpolations-array" count="42"><param type="name"/></accessor></technique_common></source><sampler id="swat_Spine-Matrix-animation-transform"><input semantic="INPUT" source="#swat_Spine-Matrix-animation-input"/><input semantic="OUTPUT" source="#swat_Spine-Matrix-animation-output-transform"/><input semantic="INTERPOLATION" source="#swat_Spine-Interpolations"/></sampler><channel source="#swat_Spine-Matrix-animation-transform" target="swat_Spine/matrix"/></animation>
    <animation id="swat_Spine1-anim" name="swat_Spine1"><source id="swat_Spine1-Matrix-animation-input"><float_array id="swat_Spine1-Matrix-animation-input-array" count="42">

0.000000 0.033333 0.066667 0.100000 0.133333 0.166667 0.200000 0.233333 0.266667 0.300000 0.333333 0.366667 0.400000 0.433333 0.466667 0.500000
0.533333 0.566667 0.600000 0.633333 0.666667 0.700000 0.733333 0.766667 0.800000 0.833333 0.866667 0.900000 0.933333 0.966667 1.000000 1.033333
1.066667 1.100000 1.133333 1.166667 1.200000 1.233333 1.266667 1.300000 1.333333 1.366667</float_array><technique_common><accessor source="#swat_Spine1-Matrix-animation-input-array" count="42"><param name="TIME" type="float"/></accessor></technique_common></source><source id="swat_Spine1-Matrix-animation-output-transform"><float_array id="swat_Spine1-Matrix-animation-output-transform-array" count="672">

0.998716 0.001277 -0.050649 -0.000000 -0.009108 0.987919 -0.154701 16.254000 0.049839 0.154964 0.986662 -0.165600 0.000000 0.000000 0.000000 1.000000
0.998505 0.009625 -0.053799 0.000000 -0.018168 0.986846 -0.160642 16.254000 0.051545 0.161379 0.985545 -0.165600 0.000000 0.000000 0.000000 1.000000
0.998202 0.018218 -0.057102 0.000000 -0.027501 0.985697 -0.166267 16.254000 0.053256 0.167538 0.984426 -0.165600 0.000000 0.000000 0.000000 1.000000
0.997751 0.027640 -0.061066 0.000000 -0.037746 0.984528 -0.171116 16.254000 0.055391 0.173036 0.983357 -0.165600 0.000000 0.000000 0.000000 1.000000
0.997116 0.037253 -0.066120 -0.000000 -0.048430 0.983120 -0.176439 16.254000 0.058431 0.179132 0.982088 -0.165600 0.000000 0.000000 0.000000 1.000000
0.996352 0.045989 -0.071891 0.000000 -0.058364 0.981781 -0.180830 16.254000 0.062265 0.184366 0.980883 -0.165600 0.000000 0.000000 0.000000 1.000000
0.995474 0.053157 -0.078774 0.000000 -0.066893 0.980737 -0.183520 16.254000 0.067502 0.187958 0.979855 -0.165600 0.000000 0.000000 0.000000 1.000000
0.994749 0.054581 -0.086581 0.000000 -0.069861 0.980316 -0.184664 16.254000 0.074797 0.189743 0.978981 -0.165600 0.000000 0.000000 0.000000 1.000000
0.994612 0.049583 -0.091042 0.000000 -0.066246 0.979493 -0.190275 16.254000 0.079741 0.195281 0.977500 -0.165600 0.000000 0.000000 0.000000 1.000000
0.994516 0.044582 -0.094604 0.000000 -0.062267 0.979193 -0.193140 16.254000 0.084025 0.197972 0.976600 -0.165600 0.000000 0.000000 0.000000 1.000000
0.994678 0.039273 -0.095258 0.000000 -0.057136 0.979584 -0.192747 16.254000 0.085743 0.197164 0.976614 -0.165600 0.000000 0.000000 0.000000 1.000000
0.994929 0.034041 -0.094641 0.000000 -0.052519 0.978342 -0.200222 16.254000 0.085776 0.204177 0.975169 -0.165600 0.000000 0.000000 0.000000 1.000000
0.995405 0.027631 -0.091683 0.000000 -0.045814 0.978189 -0.202603 16.254000 0.084085 0.205872 0.974960 -0.165600 0.000000 0.000000 0.000000 1.000000
0.995670 0.023657 -0.089901 0.000000 -0.041368 0.978801 -0.200591 16.254000 0.083250 0.203441 0.975541 -0.165600 0.000000 0.000000 0.000000 1.000000
0.995539 0.020639 -0.092069 0.000000 -0.038424 0.979887 -0.195819 16.254000 0.086176 0.198483 0.976308 -0.165600 0.000000 0.000000 0.000000 1.000000
0.995993 0.018370 -0.087522 -0.000000 -0.035009 0.980657 -0.192575 16.254000 0.082292 0.194868 0.977371 -0.165600 0.000000 0.000000 0.000000 1.000000
0.996695 0.016566 -0.079524 0.000000 -0.031551 0.981069 -0.191073 16.254000 0.074853 0.192950 0.978349 -0.165600 0.000000 0.000000 0.000000 1.000000
0.997474 0.015107 -0.069405 0.000000 -0.028097 0.981342 -0.190205 16.254000 0.065237 0.191675 0.979288 -0.165600 0.000000 0.000000 0.000000 1.000000
0.998191 0.013873 -0.058501 0.000000 -0.024714 0.981689 -0.188881 16.254000 0.054810 0.189985 0.980256 -0.165600 0.000000 0.000000 0.000000 1.000000
0.998737 0.012858 -0.048566 0.000000 -0.021672 0.982386 -0.185601 16.254000 0.045324 0.186419 0.981424 -0.165600 0.000000 0.000000 0.000000 1.000000
0.999060 0.012561 -0.041484 -0.000000 -0.019796 0.983669 -0.178897 16.254000 0.038559 0.179550 0.982993 -0.165600 0.000000 0.000000 0.000000 1.000000
0.999256 0.011805 -0.036712 -0.000000 -0.017920 0.985111 -0.170983 16.254000 0.034147 0.171514 0.984590 -0.165600 0.000000 0.000000 0.000000 1.000000
0.999396 0.009901 -0.033297 0.000000 -0.015309 0.985953 -0.166322 16.254000 0.031183 0.166732 0.985509 -0.165600 0.000000 0.000000 0.000000 1.000000
0.999544 0.010958 -0.028131 0.000000 -0.015371 0.986701 -0.161815 16.254000 0.025984 0.162174 0.986420 -0.165600 0.000000 0.000000 0.000000 1.000000
0.999768 0.006888 -0.020402 0.000000 -0.010021 0.987436 -0.157704 16.254000 0.019059 0.157871 0.987276 -0.165600 0.000000 0.000000 0.000000 1.000000
0.999922 -0.000210 -0.012461 0.000000 -0.001749 0.987605 -0.156952 16.254000 0.012339 0.156961 0.987528 -0.165600 0.000000 0.000000 0.000000 1.000000
0.999956 -0.006677 -0.006534 0.000000 0.005604 0.988301 -0.152413 16.254000 0.007476 0.152370 0.988295 -0.165600 0.000000 0.000000 0.000000 1.000000
0.999927 -0.011330 -0.004208 0.000000 0.010570 0.988602 -0.150180 16.254000 0.005861 0.150124 0.988650 -0.165600 0.000000 0.000000 0.000000 1.000000
0.999874 -0.015817 -0.001033 -0.000000 0.015500 0.989287 -0.145156 16.254000 0.003318 0.145122 0.989408 -0.165600 0.000000 0.000000 0.000000 1.000000
0.999756 -0.021757 0.003885 0.000000 0.022087 0.989922 -0.139883 16.254000 -0.000803 0.139935 0.990160 -0.165600 0.000000 0.000000 0.000000 1.000000
0.999599 -0.027074 0.008295 0.000000 0.027943 0.990538 -0.134361 16.254000 -0.004579 0.134538 0.990898 -0.165600 0.000000 0.000000 0.000000 1.000000
0.999799 -0.019578 0.004230 0.000000 0.019953 0.991978 -0.124829 16.254000 -0.001752 0.124888 0.992169 -0.165600 0.000000 0.000000 0.000000 1.000000
0.999957 -0.009243 -0.001105 0.000000 0.009033 0.992148 -0.124744 16.254000 0.002249 0.124729 0.992188 -0.165600 0.000000 0.000000 0.000000 1.000000
0.999979 0.000303 -0.006546 -0.000000 -0.001137 0.991812 -0.127702 16.254000 0.006454 0.127706 0.991791 -0.165600 0.000000 0.000000 0.000000 1.000000
0.999882 0.009531 -0.012068 0.000000 -0.011045 0.991142 -0.132345 16.254000 0.010700 0.132462 0.991130 -0.165600 0.000000 0.000000 0.000000 1.000000
0.999791 0.011971 -0.016550 -0.000000 -0.014100 0.990726 -0.135144 16.254000 0.014778 0.135349 0.990688 -0.165600 0.000000 0.000000 0.000000 1.000000
0.999705 0.008523 -0.022733 0.000000 -0.011546 0.990589 -0.136385 16.254000 0.021356 0.136607 0.990395 -0.165600 0.000000 0.000000 0.000000 1.000000
0.999588 -0.002959 -0.028546 0.000000 -0.001054 0.990214 -0.139551 16.254000 0.028679 0.139523 0.989803 -0.165600 0.000000 0.000000 0.000000 1.000000
0.999242 -0.010289 -0.037537 0.000000 0.004599 0.988884 -0.148619 16.254000 0.038649 0.148334 0.988182 -0.165600 0.000000 0.000000 0.000000 1.000000
0.998889 -0.009608 -0.046138 0.000000 0.002397 0.988090 -0.153857 16.254000 0.047067 0.153576 0.987015 -0.165600 0.000000 0.000000 0.000000 1.000000
0.998765 -0.005837 -0.049349 0.000000 -0.001880 0.987929 -0.154897 16.254000 0.049657 0.154798 0.986697 -0.165600 0.000000 0.000000 0.000000 1.000000
0.998716 0.001280 -0.050648 0.000000 -0.009108 0.987930 -0.154631 16.254000 0.049839 0.154894 0.986673 -0.165600 0.000000 0.000000 0.000000 1.000000</float_array><technique_common><accessor source="#swat_Spine1-Matrix-animation-output-transform-array" count="42" stride="16"><param type="float4x4"/></accessor></technique_common></source><source id="swat_Spine1-Interpolations"><Name_array id="swat_Spine1-Interpolations-array" count="42">
 LINEAR LINEAR LINEAR LINEAR LINEAR LINEAR LINEAR LINEAR LINEAR LINEAR LINEAR
LINEAR LINEAR LINEAR LINEAR LINEAR LINEAR LINEAR LINEAR LINEAR LINEAR LINEAR LINEAR
LINEAR LINEAR LINEAR LINEAR LINEAR LINEAR LINEAR LINEAR LINEAR LINEAR LINEAR LINEAR
LINEAR LINEAR LINEAR LINEAR LINEAR LINEAR LINEAR</Name_array><technique_common><accessor source="#swat_Spine1-Interpolations-array" count="42"><param type="name"/></accessor></technique_common></source><sampler id="swat_Spine1-Matrix-animation-transform"><input semantic="INPUT" source="#swat_Spine1-Matrix-animation-input"/><input semantic="OUTPUT" source="#swat_Spine1-Matrix-animation-output-transform"/><input semantic="INTERPOLATION" source="#swat_Spine1-Interpolations"/></sampler><channel source="#swat_Spine1-Matrix-animation-transform" target="swat_Spine1/matrix"/></animation>
    <animation id="swat_Spine2-anim" name="swat_Spine2"><source id="swat_Spine2-Matrix-animation-input"><float_array id="swat_Spine2-Matrix-animation-input-array" count="42">

0.000000 0.033333 0.066667 0.100000 0.133333 0.166667 0.200000 0.233333 0.266667 0.300000 0.333333 0.366667 0.400000 0.433333 0.466667 0.500000
0.533333 0.566667 0.600000 0.633333 0.666667 0.700000 0.733333 0.766667 0.800000 0.833333 0.866667 0.900000 0.933333 0.966667 1.000000 1.033333
1.066667 1.100000 1.133333 1.166667 1.200000 1.233333 1.266667 1.300000 1.333333 1.366667</float_array><technique_common><accessor source="#swat_Spine2-Matrix-animation-input-array" count="42"><param name="TIME" type="float"/></accessor></technique_common></source><source id="swat_Spine2-Matrix-animation-output-transform"><float_array id="swat_Spine2-Matrix-animation-output-transform-array" count="672">

0.998779 0.000161 -0.049398 0.000000 -0.007827 0.987880 -0.155023 13.639600 0.048774 0.155221 0.986675 -1.292300 0.000000 0.000000 0.000000 1.000000
0.998606 0.009591 -0.051900 -0.000000 -0.017815 0.986892 -0.160396 13.639600 0.049681 0.161097 0.985687 -1.292300 0.000000 0.000000 0.000000 1.000000
0.998330 0.019230 -0.054467 0.000000 -0.028016 0.985821 -0.165444 13.639600 0.050514 0.166694 0.984714 -1.292300 0.000000 0.000000 0.000000 1.000000
0.997916 0.029519 -0.057379 0.000000 -0.038885 0.984732 -0.169680 13.639600 0.051495 0.171558 0.983827 -1.292300 0.000000 0.000000 0.000000 1.000000
0.997351 0.039547 -0.061053 0.000000 -0.049673 0.983415 -0.174433 13.639600 0.053142 0.177003 0.982775 -1.292300 0.000000 0.000000 0.000000 1.000000
0.996714 0.048475 -0.064901 0.000000 -0.059378 0.982184 -0.178295 13.639600 0.055102 0.181563 0.981834 -1.292300 0.000000 0.000000 0.000000 1.000000
0.996076 0.055506 -0.068932 0.000000 -0.067173 0.981276 -0.180513 13.639600 0.057622 0.184435 0.981154 -1.292300 0.000000 0.000000 0.000000 1.000000
0.995825 0.056591 -0.071621 0.000000 -0.068784 0.981036 -0.181212 13.639600 0.060007 0.185382 0.980833 -1.292300 0.000000 0.000000 0.000000 1.000000
0.996134 0.051932 -0.070849 0.000000 -0.064377 0.980330 -0.186573 13.639600 0.059766 0.190412 0.979883 -1.292300 0.000000 0.000000 0.000000 1.000000
0.996445 0.046758 -0.070083 0.000000 -0.059306 0.980128 -0.189295 13.639600 0.059840 0.192779 0.979416 -1.292300 0.000000 0.000000 0.000000 1.000000
0.996812 0.041327 -0.068252 0.000000 -0.053589 0.980525 -0.188943 13.639600 0.059114 0.191998 0.979613 -1.292300 0.000000 0.000000 0.000000 1.000000
0.997027 0.035274 -0.068500 0.000000 -0.048178 0.979222 -0.196986 13.639600 0.060128 0.199701 0.978010 -1.292300 0.000000 0.000000 0.000000 1.000000
0.997328 0.028038 -0.067460 -0.000000 -0.041069 0.978871 -0.200312 13.639600 0.060419 0.202547 0.977407 -1.292300 0.000000 0.000000 0.000000 1.000000
0.997448 0.022773 -0.067673 -0.000000 -0.035873 0.979305 -0.199187 13.639600 0.061736 0.201106 0.977622 -1.292300 0.000000 0.000000 0.000000 1.000000
0.997332 0.017260 -0.070923 -0.000000 -0.030862 0.980232 -0.195429 13.639600 0.066148 0.197096 0.978150 -1.292300 0.000000 0.000000 0.000000 1.000000
0.997587 0.015792 -0.067606 0.000000 -0.028547 0.980961 -0.192097 13.639600 0.063285 0.193564 0.979044 -1.292300 0.000000 0.000000 0.000000 1.000000
0.997993 0.016347 -0.061176 0.000000 -0.027726 0.981379 -0.190069 13.639600 0.056929 0.191384 0.979863 -1.292300 0.000000 0.000000 0.000000 1.000000
0.998434 0.018174 -0.052904 0.000000 -0.027854 0.981689 -0.188445 13.639600 0.048510 0.189624 0.980658 -1.292300 0.000000 0.000000 0.000000 1.000000
0.998818 0.020524 -0.044061 0.000000 -0.028400 0.982078 -0.186324 13.639600 0.039447 0.187355 0.981500 -1.292300 0.000000 0.000000 0.000000 1.000000
0.999084 0.022565 -0.036369 0.000000 -0.028837 0.982804 -0.182384 13.639600 0.031628 0.183266 0.982554 -1.292300 0.000000 0.000000 0.000000 1.000000
0.999207 0.023943 -0.031816 -0.000000 -0.029162 0.984085 -0.175289 13.639600 0.027113 0.176077 0.984003 -1.292300 0.000000 0.000000 0.000000 1.000000
0.999290 0.024097 -0.028946 -0.000000 -0.028607 0.985519 -0.167135 13.639600 0.024499 0.167844 0.985509 -1.292300 0.000000 0.000000 0.000000 1.000000
0.999394 0.023245 -0.025920 0.000000 -0.027149 0.986384 -0.162201 13.639600 0.021797 0.162807 0.986417 -1.292300 0.000000 0.000000 0.000000 1.000000
0.999411 0.025714 -0.022717 0.000000 -0.028972 0.987136 -0.157238 13.639600 0.018381 0.157803 0.987299 -1.292300 0.000000 0.000000 0.000000 1.000000
0.999587 0.023622 -0.016340 -0.000000 -0.025842 0.987948 -0.152612 13.639600 0.012538 0.152971 0.988151 -1.292300 0.000000 0.000000 0.000000 1.000000
0.999788 0.018110 -0.009795 -0.000000 -0.019385 0.988279 -0.151424 13.639600 0.006938 0.151582 0.988420 -1.292300 0.000000 0.000000 0.000000 1.000000
0.999906 0.012872 -0.004715 0.000000 -0.013424 0.989119 -0.146505 13.639600 0.002778 0.146554 0.989199 -1.292300 0.000000 0.000000 0.000000 1.000000
0.999962 0.008274 -0.002752 -0.000000 -0.008584 0.989507 -0.144230 13.639600 0.001530 0.144248 0.989540 -1.292300 0.000000 0.000000 0.000000 1.000000
0.999992 0.004120 -0.000122 -0.000000 -0.004097 0.990274 -0.139069 13.639600 -0.000453 0.139068 0.990283 -1.292300 0.000000 0.000000 0.000000 1.000000
0.999991 -0.001162 0.004131 -0.000000 0.001703 0.991042 -0.133543 13.639600 -0.003939 0.133549 0.991034 -1.292300 0.000000 0.000000 0.000000 1.000000
0.999954 -0.006370 0.007208 0.000000 0.007239 0.991760 -0.127902 13.639600 -0.006334 0.127948 0.991761 -1.292300 0.000000 0.000000 0.000000 1.000000
0.999999 -0.001492 -0.000843 0.000000 0.001381 0.992895 -0.118985 13.639600 0.001015 0.118984 0.992896 -1.292300 0.000000 0.000000 0.000000 1.000000
0.999942 0.006440 -0.008614 -0.000000 -0.007422 0.992824 -0.119352 13.639600 0.007784 0.119409 0.992815 -1.292300 0.000000 0.000000 0.000000 1.000000
0.999785 0.013732 -0.015565 0.000000 -0.015540 0.992320 -0.122719 13.639600 0.013760 0.122934 0.992319 -1.292300 0.000000 0.000000 0.000000 1.000000
0.999540 0.020783 -0.022102 -0.000000 -0.023442 0.991529 -0.127755 13.639600 0.019260 0.128214 0.991559 -1.292300 0.000000 0.000000 0.000000 1.000000
0.999427 0.021152 -0.026435 0.000000 -0.024442 0.991069 -0.131088 13.639600 0.023427 0.131659 0.991018 -1.292300 0.000000 0.000000 0.000000 1.000000
0.999403 0.015057 -0.031101 0.000000 -0.019075 0.990902 -0.133230 13.639600 0.028812 0.133744 0.990597 -1.292300 0.000000 0.000000 0.000000 1.000000
0.999462 0.001327 -0.032778 0.000000 -0.005828 0.990468 -0.137622 13.639600 0.032283 0.137739 0.989942 -1.292300 0.000000 0.000000 0.000000 1.000000
0.999273 -0.008021 -0.037270 0.000000 0.002417 0.988978 -0.148041 13.639600 0.038046 0.147843 0.988279 -1.292300 0.000000 0.000000 0.000000 1.000000
0.998995 -0.009582 -0.043785 -0.000000 0.002714 0.988022 -0.154288 13.639600 0.044739 0.154014 0.987055 -1.292300 0.000000 0.000000 0.000000 1.000000
0.998878 -0.006712 -0.046887 0.000000 -0.000662 0.987833 -0.155515 13.639600 0.047360 0.155371 0.986720 -1.292300 0.000000 0.000000 0.000000 1.000000
0.998779 0.000159 -0.049400 -0.000000 -0.007832 0.987858 -0.155160 13.639600 0.048775 0.155357 0.986653 -1.292300 0.000000 0.000000 0.000000 1.000000</float_array><technique_common><accessor source="#swat_Spine2-Matrix-animation-output-transform-array" count="42" stride="16"><param type="float4x4"/></accessor></technique_common></source><source id="swat_Spine2-Interpolations"><Name_array id="swat_Spine2-Interpolations-array" count="42">
 LINEAR LINEAR LINEAR LINEAR LINEAR LINEAR LINEAR LINEAR LINEAR LINEAR LINEAR
LINEAR LINEAR LINEAR LINEAR LINEAR LINEAR LINEAR LINEAR LINEAR LINEAR LINEAR LINEAR
LINEAR LINEAR LINEAR LINEAR LINEAR LINEAR LINEAR LINEAR LINEAR LINEAR LINEAR LINEAR
LINEAR LINEAR LINEAR LINEAR LINEAR LINEAR LINEAR</Name_array><technique_common><accessor source="#swat_Spine2-Interpolations-array" count="42"><param type="name"/></accessor></technique_common></source><sampler id="swat_Spine2-Matrix-animation-transform"><input semantic="INPUT" source="#swat_Spine2-Matrix-animation-input"/><input semantic="OUTPUT" source="#swat_Spine2-Matrix-animation-output-transform"/><input semantic="INTERPOLATION" source="#swat_Spine2-Interpolations"/></sampler><channel source="#swat_Spine2-Matrix-animation-transform" target="swat_Spine2/matrix"/></animation>
    <animation id="swat_Neck-anim" name="swat_Neck"><source id="swat_Neck-Matrix-animation-input"><float_array id="swat_Neck-Matrix-animation-input-array" count="42">

0.000000 0.033333 0.066667 0.100000 0.133333 0.166667 0.200000 0.233333 0.266667 0.300000 0.333333 0.366667 0.400000 0.433333 0.466667 0.500000
0.533333 0.566667 0.600000 0.633333 0.666667 0.700000 0.733333 0.766667 0.800000 0.833333 0.866667 0.900000 0.933333 0.966667 1.000000 1.033333
1.066667 1.100000 1.133333 1.166667 1.200000 1.233333 1.266667 1.300000 1.333333 1.366667</float_array><technique_common><accessor source="#swat_Neck-Matrix-animation-input-array" count="42"><param name="TIME" type="float"/></accessor></technique_common></source><source id="swat_Neck-Matrix-animation-output-transform"><float_array id="swat_Neck-Matrix-animation-output-transform-array" count="672">

0.990137 0.078944 0.115745 0.000000 -0.088641 0.992751 0.081171 13.877400 -0.108498 -0.090631 0.989957 -4.354200 0.000000 0.000000 0.000000 1.000000
0.990305 0.077863 0.115034 -0.000000 -0.087717 0.992662 0.083239 13.877400 -0.107708 -0.092523 0.989868 -4.354200 0.000000 0.000000 0.000000 1.000000
0.990465 0.076895 0.114308 0.000000 -0.086891 0.992567 0.085206 13.877400 -0.106906 -0.094326 0.989785 -4.354200 0.000000 0.000000 0.000000 1.000000
0.990564 0.076323 0.113835 0.000000 -0.086420 0.992490 0.086572 13.877400 -0.106372 -0.095593 0.989721 -4.354200 0.000000 0.000000 0.000000 1.000000
0.990543 0.076103 0.114161 0.000000 -0.086200 0.992535 0.086280 13.877400 -0.106743 -0.095305 0.989709 -4.354200 0.000000 0.000000 0.000000 1.000000
0.990547 0.075547 0.114492 -0.000000 -0.085581 0.992664 0.085409 13.877400 -0.107200 -0.094400 0.989746 -4.354200 0.000000 0.000000 0.000000 1.000000
0.990591 0.074520 0.114785 0.000000 -0.084417 0.992890 0.083927 13.877400 -0.107714 -0.092827 0.989839 -4.354200 0.000000 0.000000 0.000000 1.000000
0.990726 0.073214 0.114466 -0.000000 -0.082925 0.993134 0.082508 13.877400 -0.107639 -0.091235 0.989995 -4.354200 0.000000 0.000000 0.000000 1.000000
0.990773 0.073562 0.113828 0.000000 -0.083040 0.993258 0.080885 13.877400 -0.107110 -0.089591 0.990202 -4.354200 0.000000 0.000000 0.000000 1.000000
0.990946 0.072934 0.112725 0.000000 -0.082204 0.993408 0.079898 13.877400 -0.106154 -0.088441 0.990409 -4.354200 0.000000 0.000000 0.000000 1.000000
0.990940 0.074102 0.112011 0.000000 -0.082742 0.993778 0.074559 13.877400 -0.105789 -0.083152 0.990906 -4.354200 0.000000 0.000000 0.000000 1.000000
0.990892 0.074426 0.112219 0.000000 -0.082687 0.994054 0.070854 13.877400 -0.106278 -0.079488 0.991154 -4.354200 0.000000 0.000000 0.000000 1.000000
0.990322 0.077405 0.115203 0.000000 -0.085438 0.994121 0.066509 13.877400 -0.109378 -0.075708 0.991113 -4.354200 0.000000 0.000000 0.000000 1.000000
0.989563 0.081917 0.118554 0.000000 -0.089658 0.994072 0.061499 13.877400 -0.112813 -0.071486 0.991041 -4.354200 0.000000 0.000000 0.000000 1.000000
0.989053 0.084061 0.121273 0.000000 -0.091776 0.994001 0.059496 13.877400 -0.115544 -0.069974 0.990835 -4.354200 0.000000 0.000000 0.000000 1.000000
0.989099 0.083394 0.121361 0.000000 -0.091236 0.993986 0.060558 13.877400 -0.115581 -0.070970 0.990759 -4.354200 0.000000 0.000000 0.000000 1.000000
0.989328 0.081861 0.120533 -0.000000 -0.089912 0.993960 0.062932 13.877400 -0.114653 -0.073097 0.990713 -4.354200 0.000000 0.000000 0.000000 1.000000
0.989677 0.079656 0.119144 0.000000 -0.087973 0.993917 0.066252 13.877400 -0.113142 -0.076049 0.990664 -4.354200 0.000000 0.000000 0.000000 1.000000
0.990082 0.076958 0.117541 0.000000 -0.085578 0.993859 0.070141 13.877400 -0.111421 -0.079504 0.990588 -4.354200 0.000000 0.000000 0.000000 1.000000
0.990484 0.073851 0.116136 -0.000000 -0.082808 0.993793 0.074281 13.877400 -0.109930 -0.083191 0.990452 -4.354200 0.000000 0.000000 0.000000 1.000000
0.990872 0.069955 0.115234 0.000000 -0.079298 0.993748 0.078592 13.877400 -0.109016 -0.087012 0.990224 -4.354200 0.000000 0.000000 0.000000 1.000000
0.991200 0.066379 0.114529 -0.000000 -0.076121 0.993647 0.082893 13.877400 -0.108299 -0.090882 0.989955 -4.354200 0.000000 0.000000 0.000000 1.000000
0.991453 0.064693 0.113296 0.000000 -0.074760 0.993401 0.086983 13.877400 -0.106921 -0.094709 0.989746 -4.354200 0.000000 0.000000 0.000000 1.000000
0.992120 0.059058 0.110497 -0.000000 -0.069212 0.993494 0.090435 13.877400 -0.104437 -0.097371 0.989753 -4.354200 0.000000 0.000000 0.000000 1.000000
0.992536 0.055857 0.108408 -0.000000 -0.065986 0.993551 0.092209 13.877400 -0.102559 -0.098674 0.989821 -4.354200 0.000000 0.000000 0.000000 1.000000
0.992828 0.052767 0.107275 0.000000 -0.063125 0.993419 0.095568 13.877400 -0.101526 -0.101654 0.989626 -4.354200 0.000000 0.000000 0.000000 1.000000
0.992883 0.053343 0.106482 0.000000 -0.063567 0.993441 0.095053 13.877400 -0.100713 -0.101145 0.989761 -4.354200 0.000000 0.000000 0.000000 1.000000
0.992709 0.055257 0.107128 0.000000 -0.065494 0.993366 0.094520 13.877400 -0.101194 -0.100847 0.989742 -4.354200 0.000000 0.000000 0.000000 1.000000
0.992283 0.059219 0.108935 0.000000 -0.069512 0.993213 0.093252 13.877400 -0.102674 -0.100104 0.989665 -4.354200 0.000000 0.000000 0.000000 1.000000
0.991594 0.065760 0.111430 -0.000000 -0.075984 0.993027 0.090136 13.877400 -0.104726 -0.097845 0.989676 -4.354200 0.000000 0.000000 0.000000 1.000000
0.990831 0.072606 0.113943 0.000000 -0.082590 0.992910 0.085496 13.877400 -0.106927 -0.094123 0.989802 -4.354200 0.000000 0.000000 0.000000 1.000000
0.990400 0.074329 0.116545 0.000000 -0.084087 0.993147 0.081173 13.877400 -0.109713 -0.090194 0.989863 -4.354200 0.000000 0.000000 0.000000 1.000000
0.990191 0.074895 0.117953 0.000000 -0.084511 0.993306 0.078744 13.877400 -0.111266 -0.087940 0.989892 -4.354200 0.000000 0.000000 0.000000 1.000000
0.990035 0.075415 0.118924 0.000000 -0.084919 0.993410 0.076980 13.877400 -0.112335 -0.086312 0.989915 -4.354200 0.000000 0.000000 0.000000 1.000000
0.989911 0.075883 0.119657 0.000000 -0.085297 0.993482 0.075617 13.877400 -0.113139 -0.085060 0.989931 -4.354200 0.000000 0.000000 0.000000 1.000000
0.989600 0.078611 0.120469 0.000000 -0.087880 0.993404 0.073657 13.877400 -0.113884 -0.083477 0.989981 -4.354200 0.000000 0.000000 0.000000 1.000000
0.989662 0.077022 0.120983 -0.000000 -0.086470 0.993436 0.074888 13.877400 -0.114420 -0.084575 0.989826 -4.354200 0.000000 0.000000 0.000000 1.000000
0.989435 0.079033 0.121542 0.000000 -0.088524 0.993263 0.074777 13.877400 -0.114813 -0.084746 0.989766 -4.354200 0.000000 0.000000 0.000000 1.000000
