<?xml version="1.0" encoding="utf-8"?>
<COLLADA xmlns="http://www.collada.org/2005/11/COLLADASchema" version="1.4.1">
  <asset><contributor><author>Mixamo</author><authoring_tool>COLLADA Mixamo exporter</authoring_tool><comments></comments></contributor><created>2018-06-07T18:34:32Z</created><modified>2018-06-07T18:34:32Z</modified><revision></revision><title></title><unit meter="0.010000"/><up_axis>Y_UP</up_axis></asset>
  <library_animations>
    <animation id="swat_Hips-anim" name="swat_Hips"><source id="swat_Hips-Matrix-animation-input"><float_array id="swat_Hips-Matrix-animation-input-array" count="38">

0.000000 0.033333 0.066667 0.100000 0.133333 0.166667 0.200000 0.233333 0.266667 0.300000 0.333333 0.366667 0.400000 0.433333 0.466667 0.500000
0.533333 0.566667 0.600000 0.633333 0.666667 0.700000 0.733333 0.766667 0.800000 0.833333 0.866667 0.900000 0.933333 0.966667 1.000000 1.033333
1.066667 1.100000 1.133333 1.166667 1.200000 1.233333</float_array><technique_common><accessor source="#swat_Hips-Matrix-animation-input-array" count="38"><param name="TIME" type="float"/></accessor></technique_common></source><source id="swat_Hips-Matrix-animation-output-transform"><float_array id="swat_Hips-Matrix-animation-output-transform-array" count="608">

0.614247 -0.310017 -0.725665 2.194847 -0.019196 0.913453 -0.406492 70.286179 0.788880 0.263616 0.555135 -1.988391 0.000000 0.000000 0.000000 1.000000
0.628324 -0.309356 -0.713798 -0.261739 -0.010395 0.914115 -0.405323 69.964409 0.777882 0.262094 0.571144 -1.853139 0.000000 0.000000 0.000000 1.000000
0.644541 -0.307061 -0.700200 -2.590342 -0.004037 0.914430 -0.404724 69.438408 0.764559 0.263688 0.588148 -1.579187 0.000000 0.000000 0.000000 1.000000
0.662053 -0.301872 -0.685973 -4.358366 -0.002645 0.914347 -0.404924 68.776787 0.749453 0.269895 0.604547 -1.165599 0.000000 0.000000 0.000000 1.000000
0.680718 -0.291939 -0.671859 -5.155036 -0.009363 0.913614 -0.406475 67.961243 0.732486 0.282985 0.619180 -0.560689 0.000000 0.000000 0.000000 1.000000
0.699196 -0.279556 -0.658007 -5.402994 -0.019898 0.912414 -0.408785 67.106697 0.714653 0.298914 0.632394 0.132422 0.000000 0.000000 0.000000 1.000000
0.715725 -0.266458 -0.645552 -5.344578 -0.031852 0.910938 -0.411313 66.350372 0.697655 0.314949 0.643494 0.864042 0.000000 0.000000 0.000000 1.000000
0.728377 -0.250321 -0.637813 -4.892272 -0.050337 0.908810 -0.414163 65.683197 0.683325 0.333773 0.649356 1.750420 0.000000 0.000000 0.000000 1.000000
0.738134 -0.234646 -0.632534 -3.906349 -0.072731 0.904428 -0.420381 65.147278 0.670722 0.356302 0.650523 2.756085 0.000000 0.000000 0.000000 1.000000
0.746589 -0.231313 -0.623778 -2.658944 -0.083401 0.897671 -0.432701 65.097443 0.660037 0.375074 0.650900 3.709040 0.000000 0.000000 0.000000 1.000000
0.753385 -0.235755 -0.613865 -1.223891 -0.086586 0.889829 -0.448004 65.458595 0.651854 0.390672 0.649971 4.692535 0.000000 0.000000 0.000000 1.000000
0.756338 -0.241317 -0.608045 0.158888 -0.088487 0.883195 -0.460584 66.245667 0.648169 0.402161 0.646641 5.796331 0.000000 0.000000 0.000000 1.000000
0.753527 -0.248336 -0.608709 1.389265 -0.094283 0.875517 -0.473900 67.440491 0.650621 0.414487 0.636311 6.999700 0.000000 0.000000 0.000000 1.000000
0.747895 -0.255175 -0.612812 2.602719 -0.103988 0.866730 -0.487817 68.924904 0.655621 0.428561 0.621688 8.268720 0.000000 0.000000 0.000000 1.000000
0.740440 -0.262419 -0.618776 3.200600 -0.115617 0.857179 -0.501874 70.330177 0.662103 0.443149 0.604349 9.290340 0.000000 0.000000 0.000000 1.000000
0.733275 -0.269025 -0.624447 3.276534 -0.126672 0.848265 -0.514199 71.599304 0.668029 0.456149 0.587933 10.157801 0.000000 0.000000 0.000000 1.000000
0.728832 -0.272606 -0.628085 2.769969 -0.134292 0.842592 -0.521540 72.704544 0.671394 0.464461 0.577499 10.816616 0.000000 0.000000 0.000000 1.000000
0.729856 -0.274459 -0.626085 1.634064 -0.132899 0.841421 -0.523782 73.538902 0.670559 0.465491 0.577641 11.233682 0.000000 0.000000 0.000000 1.000000
0.736799 -0.279577 -0.615601 -0.094652 -0.119940 0.842012 -0.525956 74.006668 0.665389 0.461358 0.586861 11.457884 0.000000 0.000000 0.000000 1.000000
0.742920 -0.288694 -0.603925 -2.107922 -0.102050 0.842821 -0.528430 74.037949 0.661555 0.454212 0.596687 11.542286 0.000000 0.000000 0.000000 1.000000
0.741756 -0.299207 -0.600228 -4.014713 -0.083544 0.846775 -0.525350 73.550583 0.665446 0.439827 0.603104 11.487062 0.000000 0.000000 0.000000 1.000000
0.737711 -0.311488 -0.598964 -5.795268 -0.062960 0.851592 -0.520411 72.838783 0.672174 0.421624 0.608618 11.368543 0.000000 0.000000 0.000000 1.000000
0.727794 -0.324343 -0.604249 -7.285396 -0.041056 0.858906 -0.510485 71.811371 0.684565 0.396336 0.611791 11.171281 0.000000 0.000000 0.000000 1.000000
0.709959 -0.331462 -0.621362 -8.428899 -0.026898 0.868906 -0.494245 70.718491 0.703729 0.367607 0.607972 10.953889 0.000000 0.000000 0.000000 1.000000
0.687021 -0.330693 -0.647027 -9.319111 -0.022942 0.880124 -0.474189 69.771355 0.726275 0.340622 0.597077 10.755216 0.000000 0.000000 0.000000 1.000000
0.664252 -0.325201 -0.673062 -9.898512 -0.023497 0.890879 -0.453633 69.028831 0.747139 0.317142 0.584127 10.486420 0.000000 0.000000 0.000000 1.000000
0.643310 -0.315145 -0.697737 -9.896249 -0.029249 0.900570 -0.433725 68.669807 0.765047 0.299428 0.570128 9.978020 0.000000 0.000000 0.000000 1.000000
0.623334 -0.303043 -0.720847 -9.383041 -0.037135 0.909339 -0.414396 68.556953 0.781074 0.285076 0.555568 9.302585 0.000000 0.000000 0.000000 1.000000
0.601557 -0.293174 -0.743087 -8.103189 -0.041507 0.917491 -0.395585 68.455124 0.797751 0.268810 0.539754 8.510930 0.000000 0.000000 0.000000 1.000000
0.586414 -0.285190 -0.758146 -6.084679 -0.045076 0.923029 -0.382080 68.773293 0.808757 0.258231 0.528422 7.479901 0.000000 0.000000 0.000000 1.000000
0.579107 -0.279069 -0.766000 -3.673174 -0.050318 0.925560 -0.375241 69.638504 0.813698 0.255848 0.521956 6.165967 0.000000 0.000000 0.000000 1.000000
0.573459 -0.273117 -0.772367 -1.415774 -0.057066 0.927185 -0.370232 70.661171 0.817244 0.256389 0.516117 4.883382 0.000000 0.000000 0.000000 1.000000
0.576706 -0.273353 -0.769862 0.588244 -0.054539 0.927375 -0.370136 71.727745 0.815129 0.255447 0.519915 3.566809 0.000000 0.000000 0.000000 1.000000
0.583995 -0.277727 -0.762769 1.842001 -0.048197 0.926132 -0.374108 72.467239 0.810325 0.255241 0.527471 2.300476 0.000000 0.000000 0.000000 1.000000
0.592276 -0.284084 -0.753993 2.487317 -0.040881 0.923982 -0.380244 72.728912 0.804697 0.256033 0.535639 1.100414 0.000000 0.000000 0.000000 1.000000
0.600621 -0.291767 -0.744397 2.644872 -0.033327 0.921093 -0.387914 72.272964 0.798839 0.257798 0.543504 0.014936 0.000000 0.000000 0.000000 1.000000
0.607329 -0.299520 -0.735825 2.514331 -0.026553 0.918037 -0.395606 71.330338 0.794006 0.259801 0.549597 -0.960540 0.000000 0.000000 0.000000 1.000000
0.612253 -0.306817 -0.728705 2.286166 -0.021026 0.914994 -0.402919 70.514473 0.790383 0.262010 0.553756 -1.731786 0.000000 0.000000 0.000000 1.000000</float_array><technique_common><accessor source="#swat_Hips-Matrix-animation-output-transform-array" count="38" stride="16"><param type="float4x4"/></accessor></technique_common></source><source id="swat_Hips-Interpolations"><Name_array id="swat_Hips-Interpolations-array" count="38">
 LINEAR LINEAR LINEAR LINEAR LINEAR LINEAR LINEAR LINEAR LINEAR LINEAR LINEAR
LINEAR LINEAR LINEAR LINEAR LINEAR LINEAR LINEAR LINEAR LINEAR LINEAR LINEAR LINEAR
LINEAR LINEAR LINEAR LINEAR LINEAR LINEAR LINEAR LINEAR LINEAR LINEAR LINEAR LINEAR
LINEAR LINEAR LINEAR</Name_array><technique_common><accessor source="#swat_Hips-Interpolations-array" count="38"><param type="name"/></accessor></technique_common></source><sampler id="swat_Hips-Matrix-animation-transform"><input semantic="INPUT" source="#swat_Hips-Matrix-animation-input"/><input semantic="OUTPUT" source="#swat_Hips-Matrix-animation-output-transform"/><input semantic="INTERPOLATION" source="#swat_Hips-Interpolations"/></sampler><channel source="#swat_Hips-Matrix-animation-transform" target="swat_Hips/matrix"/></animation>
    <animation id="swat_Spine-anim" name="swat_Spine"><source id="swat_Spine-Matrix-animation-input"><float_array id="swat_Spine-Matrix-animation-input-array" count="38">

0.000000 0.033333 0.066667 0.100000 0.133333 0.166667 0.200000 0.233333 0.266667 0.300000 0.333333 0.366667 0.400000 0.433333 0.466667 0.500000
0.533333 0.566667 0.600000 0.633333 0.666667 0.700000 0.733333 0.766667 0.800000 0.833333 0.866667 0.900000 0.933333 0.966667 1.000000 1.033333
1.066667 1.100000 1.133333 1.166667 1.200000 1.233333</float_array><technique_common><accessor source="#swat_Spine-Matrix-animation-input-array" count="38"><param name="TIME" type="float"/></accessor></technique_common></source><source id="swat_Spine-Matrix-animation-output-transform"><float_array id="swat_Spine-Matrix-animation-output-transform-array" count="608">

0.997112 0.063552 -0.041578 -0.000000 -0.075343 0.896558 -0.436471 9.226300 0.009538 0.438343 0.898757 1.577100 0.000000 0.000000 0.000000 1.000000
0.997173 0.059601 -0.045764 0.000000 -0.073604 0.897365 -0.435108 9.226300 0.015134 0.437246 0.899215 1.577100 0.000000 0.000000 0.000000 1.000000
0.997610 0.050871 -0.046769 -0.000000 -0.066190 0.897871 -0.435255 9.226300 0.019851 0.437310 0.899092 1.577100 0.000000 0.000000 0.000000 1.000000
0.998212 0.039570 -0.044791 0.000000 -0.055182 0.898050 -0.436418 9.226300 0.022956 0.438110 0.898628 1.577100 0.000000 0.000000 0.000000 1.000000
0.998910 0.026038 -0.038743 0.000000 -0.040420 0.897641 -0.438871 9.226300 0.023350 0.439958 0.897715 1.577100 0.000000 0.000000 0.000000 1.000000
0.999426 0.012524 -0.031474 0.000000 -0.025151 0.896749 -0.441824 9.226300 0.022691 0.442362 0.896550 1.577100 0.000000 0.000000 0.000000 1.000000
0.999674 0.001485 -0.025489 -0.000000 -0.012675 0.895468 -0.444945 9.226300 0.022164 0.445123 0.895195 1.577100 0.000000 0.000000 0.000000 1.000000
0.999801 -0.006671 -0.018824 -0.000000 -0.002480 0.893800 -0.448460 9.226300 0.019816 0.448417 0.893605 1.577100 0.000000 0.000000 0.000000 1.000000
0.999848 -0.012473 -0.012148 0.000000 0.005665 0.892777 -0.450464 9.226300 0.016464 0.450327 0.892712 1.577100 0.000000 0.000000 0.000000 1.000000
0.999880 -0.010630 -0.011274 0.000000 0.004433 0.893409 -0.449222 9.226300 0.014847 0.449118 0.893349 1.577100 0.000000 0.000000 0.000000 1.000000
0.999905 -0.005301 -0.012710 0.000000 -0.000943 0.894435 -0.447197 9.226300 0.013739 0.447167 0.894345 1.577100 0.000000 0.000000 0.000000 1.000000
0.999911 -0.001427 -0.013282 0.000000 -0.004685 0.893684 -0.448672 9.226300 0.012510 0.448694 0.893598 1.577100 0.000000 0.000000 0.000000 1.000000
0.999932 0.000598 -0.011682 0.000000 -0.005792 0.892978 -0.450062 9.226300 0.010162 0.450099 0.892921 1.577100 0.000000 0.000000 0.000000 1.000000
0.999970 0.001231 -0.007678 0.000000 -0.004559 0.892712 -0.450605 9.226300 0.006300 0.450627 0.892690 1.577100 0.000000 0.000000 0.000000 1.000000
0.999990 0.001455 -0.004285 0.000000 -0.003218 0.894405 -0.447246 9.226300 0.003181 0.447256 0.894401 1.577100 0.000000 0.000000 0.000000 1.000000
0.999998 0.001561 -0.001311 -0.000000 -0.001980 0.896331 -0.443380 9.226300 0.000483 0.443382 0.896333 1.577100 0.000000 0.000000 0.000000 1.000000
0.999999 0.001116 0.001011 0.000000 -0.000555 0.897525 -0.440963 9.226300 -0.001400 0.440962 0.897525 1.577100 0.000000 0.000000 0.000000 1.000000
0.999999 0.001176 0.000806 -0.000000 -0.000702 0.898387 -0.439203 9.226300 -0.001241 0.439202 0.898387 1.577100 0.000000 0.000000 0.000000 1.000000
0.999996 0.002358 -0.001812 0.000000 -0.002910 0.901557 -0.432651 9.226300 0.000614 0.432655 0.901560 1.577100 0.000000 0.000000 0.000000 1.000000
0.999973 0.005180 -0.005270 -0.000000 -0.006919 0.906749 -0.421613 9.226300 0.002595 0.421638 0.906760 1.577100 0.000000 0.000000 0.000000 1.000000
0.999881 0.012012 -0.009659 -0.000000 -0.014924 0.911152 -0.411800 9.226300 0.003854 0.411896 0.911223 1.577100 0.000000 0.000000 0.000000 1.000000
0.999637 0.022206 -0.015259 0.000000 -0.026472 0.914930 -0.402744 9.226300 0.005017 0.403002 0.915185 1.577100 0.000000 0.000000 0.000000 1.000000
0.999081 0.036963 -0.021684 0.000000 -0.042534 0.917020 -0.396567 9.226300 0.005227 0.397125 0.917749 1.577100 0.000000 0.000000 0.000000 1.000000
0.998326 0.051749 -0.025828 0.000000 -0.057739 0.917649 -0.393174 9.226300 0.003355 0.394007 0.919101 1.577100 0.000000 0.000000 0.000000 1.000000
0.997668 0.062657 -0.027060 -0.000000 -0.068250 0.917897 -0.390906 9.226300 0.000345 0.391841 0.920033 1.577100 0.000000 0.000000 0.000000 1.000000
0.997231 0.069425 -0.026670 -0.000000 -0.074325 0.917712 -0.390231 9.226300 -0.002617 0.391133 0.920331 1.577100 0.000000 0.000000 0.000000 1.000000
0.997163 0.071297 -0.024139 0.000000 -0.075042 0.916462 -0.393021 9.226300 -0.005898 0.393718 0.919212 1.577100 0.000000 0.000000 0.000000 1.000000
0.997268 0.070968 -0.020487 -0.000000 -0.073253 0.914496 -0.397908 9.226300 -0.009503 0.398321 0.917197 1.577100 0.000000 0.000000 0.000000 1.000000
0.997065 0.074624 -0.017095 0.000000 -0.075170 0.911941 -0.403378 9.226300 -0.014512 0.403479 0.914874 1.577100 0.000000 0.000000 0.000000 1.000000
0.996994 0.076139 -0.014321 0.000000 -0.075299 0.908807 -0.410366 9.226300 -0.018230 0.410211 0.911809 1.577100 0.000000 0.000000 0.000000 1.000000
0.997186 0.074256 -0.010291 0.000000 -0.071720 0.905028 -0.419262 9.226300 -0.021819 0.418821 0.907807 1.577100 0.000000 0.000000 0.000000 1.000000
0.997498 0.070504 -0.005209 0.000000 -0.065956 0.901573 -0.427570 9.226300 -0.025449 0.426844 0.903967 1.577100 0.000000 0.000000 0.000000 1.000000
0.997714 0.066829 -0.010030 0.000000 -0.064532 0.898141 -0.434947 9.226300 -0.020058 0.434600 0.900400 1.577100 0.000000 0.000000 0.000000 1.000000
0.997840 0.063428 -0.017121 0.000000 -0.064466 0.895056 -0.441269 9.226300 -0.012664 0.441419 0.897212 1.577100 0.000000 0.000000 0.000000 1.000000
0.997879 0.060598 -0.023781 0.000000 -0.064837 0.892535 -0.446294 9.226300 -0.005819 0.446889 0.894570 1.577100 0.000000 0.000000 0.000000 1.000000
0.997793 0.059310 -0.029858 -0.000000 -0.066401 0.891316 -0.448493 9.226300 0.000013 0.449486 0.893287 1.577100 0.000000 0.000000 0.000000 1.000000
0.997521 0.060893 -0.035264 -0.000000 -0.070239 0.891816 -0.446913 9.226300 0.004235 0.448282 0.893882 1.577100 0.000000 0.000000 0.000000 1.000000
0.997205 0.063144 -0.039946 0.000000 -0.074300 0.894496 -0.440858 9.226300 0.007894 0.442594 0.896687 1.577100 0.000000 0.000000 0.000000 1.000000</float_array><technique_common><accessor source="#swat_Spine-Matrix-animation-output-transform-array" count="38" stride="16"><param type="float4x4"/></accessor></technique_common></source><source id="swat_Spine-Interpolations"><Name_array id="swat_Spine-Interpolations-array" count="38">
 LINEAR LINEAR LINEAR LINEAR LINEAR LINEAR LINEAR LINEAR LINEAR LINEAR LINEAR
LINEAR LINEAR LINEAR LINEAR LINEAR LINEAR LINEAR LINEAR LINEAR LINEAR LINEAR LINEAR
LINEAR LINEAR LINEAR LINEAR LINEAR LINEAR LINEAR LINEAR LINEAR LINEAR LINEAR LINEAR
LINEAR LINEAR LINEAR</Name_array><technique_common><accessor source="#swat_Spine-Interpolations-array" count="38"><param type="name"/></accessor></technique_common></source><sampler id="swat_Spine-Matrix-animation-transform"><input semantic="INPUT" source="#swat_Spine-Matrix-animation-input"/><input semantic="OUTPUT" source="#swat_Spine-Matrix-animation-output-transform"/><input semantic="INTERPOLATION" source="#swat_Spine-Interpolations"/></sampler><channel source="#swat_Spine-Matrix-animation-transform" target="swat_Spine/matrix"/></animation>
    <animation id="swat_Spine1-anim" name="swat_Spine1"><source id="swat_Spine1-Matrix-animation-input"><float_array id="swat_Spine1-Matrix-animation-input-array" count="38">

0.000000 0.033333 0.066667 0.100000 0.133333 0.166667 0.200000 0.233333 0.266667 0.300000 0.333333 0.366667 0.400000 0.433333 0.466667 0.500000
0.533333 0.566667 0.600000 0.633333 0.666667 0.700000 0.733333 0.766667 0.800000 0.833333 0.866667 0.900000 0.933333 0.966667 1.000000 1.033333
1.066667 1.100000 1.133333 1.166667 1.200000 1.233333</float_array><technique_common><accessor source="#swat_Spine1-Matrix-animation-input-array" count="38"><param name="TIME" type="float"/></accessor></technique_common></source><source id="swat_Spine1-Matrix-animation-output-transform"><float_array id="swat_Spine1-Matrix-animation-output-transform-array" count="608">

0.998880 -0.004369 -0.047108 0.000000 -0.001904 0.991210 -0.132285 16.254000 0.047272 0.132227 0.990092 -0.165600 0.000000 0.000000 0.000000 1.000000
0.998278 -0.006769 -0.058272 0.000000 -0.000943 0.991341 -0.131313 16.254000 0.058656 0.131142 0.989627 -0.165600 0.000000 0.000000 0.000000 1.000000
0.997604 -0.010335 -0.068400 -0.000000 0.001385 0.991561 -0.129630 16.254000 0.069162 0.129225 0.989200 -0.165600 0.000000 0.000000 0.000000 1.000000
0.997042 -0.014502 -0.075485 0.000000 0.004780 0.991839 -0.127405 16.254000 0.076716 0.126667 0.988974 -0.165600 0.000000 0.000000 0.000000 1.000000
0.996833 -0.019441 -0.077111 0.000000 0.009736 0.992197 -0.124300 16.254000 0.078926 0.123155 0.989244 -0.165600 0.000000 0.000000 0.000000 1.000000
0.996830 -0.024737 -0.075616 0.000000 0.015478 0.992571 -0.120678 16.254000 0.078040 0.119125 0.989808 -0.165600 0.000000 0.000000 0.000000 1.000000
0.996896 -0.030095 -0.072747 -0.000000 0.021467 0.992947 -0.116598 16.254000 0.075743 0.114674 0.990511 -0.165600 0.000000 0.000000 0.000000 1.000000
0.997086 -0.035542 -0.067501 0.000000 0.027854 0.993361 -0.111613 16.254000 0.071020 0.109408 0.991457 -0.165600 0.000000 0.000000 0.000000 1.000000
0.997359 -0.040693 -0.060165 0.000000 0.034148 0.993772 -0.106073 16.254000 0.064107 0.103738 0.992536 -0.165600 0.000000 0.000000 0.000000 1.000000
0.997627 -0.044758 -0.052312 0.000000 0.039301 0.994104 -0.101062 16.254000 0.056526 0.098766 0.993504 -0.165600 0.000000 0.000000 0.000000 1.000000
0.997917 -0.046987 -0.044214 0.000000 0.042526 0.994384 -0.096914 16.254000 0.048519 0.094832 0.994310 -0.165600 0.000000 0.000000 0.000000 1.000000
0.998274 -0.046246 -0.036204 0.000000 0.042683 0.994687 -0.093684 16.254000 0.040344 0.091977 0.994944 -0.165600 0.000000 0.000000 0.000000 1.000000
0.998652 -0.043624 -0.028112 -0.000000 0.040941 0.995117 -0.089814 16.254000 0.031893 0.088542 0.995562 -0.165600 0.000000 0.000000 0.000000 1.000000
0.998976 -0.040503 -0.020142 -0.000000 0.038641 0.995585 -0.085537 16.254000 0.023518 0.084671 0.996131 -0.165600 0.000000 0.000000 0.000000 1.000000
0.999166 -0.037976 -0.014978 -0.000000 0.036628 0.995971 -0.081859 16.254000 0.018026 0.081242 0.996531 -0.165600 0.000000 0.000000 0.000000 1.000000
0.999298 -0.035712 -0.011299 0.000000 0.034708 0.996257 -0.079169 16.254000 0.014083 0.078721 0.996797 -0.165600 0.000000 0.000000 0.000000 1.000000
0.999379 -0.033740 -0.010124 0.000000 0.032835 0.996323 -0.079135 16.254000 0.012757 0.078753 0.996812 -0.165600 0.000000 0.000000 0.000000 1.000000
0.999416 -0.031965 -0.012044 -0.000000 0.030867 0.996124 -0.082364 16.254000 0.014631 0.081944 0.996530 -0.165600 0.000000 0.000000 0.000000 1.000000
0.999403 -0.030686 -0.015902 -0.000000 0.029194 0.995795 -0.086833 16.254000 0.018500 0.086317 0.996096 -0.165600 0.000000 0.000000 0.000000 1.000000
0.999393 -0.029340 -0.018770 -0.000000 0.027531 0.995536 -0.090280 16.254000 0.021335 0.089709 0.995740 -0.165600 0.000000 0.000000 0.000000 1.000000
0.999475 -0.026139 -0.019117 0.000000 0.024253 0.995371 -0.093001 16.254000 0.021460 0.092488 0.995483 -0.165600 0.000000 0.000000 0.000000 1.000000
0.999570 -0.022331 -0.018994 -0.000000 0.020415 0.995199 -0.095717 16.254000 0.021040 0.095288 0.995227 -0.165600 0.000000 0.000000 0.000000 1.000000
0.999697 -0.016678 -0.018105 -0.000000 0.014811 0.995003 -0.098737 16.254000 0.019662 0.098439 0.994949 -0.165600 0.000000 0.000000 0.000000 1.000000
0.999838 -0.009235 -0.015454 -0.000000 0.007604 0.994714 -0.102404 16.254000 0.016318 0.102270 0.994623 -0.165600 0.000000 0.000000 0.000000 1.000000
0.999937 -0.001171 -0.011159 0.000000 -0.000026 0.994293 -0.106687 16.254000 0.011220 0.106681 0.994230 -0.165600 0.000000 0.000000 0.000000 1.000000
0.999961 0.006225 -0.006303 0.000000 -0.006890 0.993721 -0.111675 16.254000 0.005568 0.111714 0.993725 -0.165600 0.000000 0.000000 0.000000 1.000000
0.999932 0.011626 -0.000799 0.000000 -0.011639 0.992942 -0.118030 16.254000 -0.000579 0.118031 0.993010 -0.165600 0.000000 0.000000 0.000000 1.000000
0.999864 0.015736 0.004963 0.000000 -0.014992 0.992022 -0.125167 16.254000 -0.006893 0.125076 0.992123 -0.165600 0.000000 0.000000 0.000000 1.000000
0.999757 0.019346 0.010540 -0.000000 -0.017781 0.991032 -0.132435 16.254000 -0.013007 0.132215 0.991136 -0.165600 0.000000 0.000000 0.000000 1.000000
0.999672 0.021362 0.014129 -0.000000 -0.019191 0.990091 -0.139111 16.254000 -0.016961 0.138794 0.990176 -0.165600 0.000000 0.000000 0.000000 1.000000
0.999656 0.021379 0.015214 0.000000 -0.018949 0.989248 -0.145015 16.254000 -0.018150 0.144677 0.989313 -0.165600 0.000000 0.000000 0.000000 1.000000
0.999672 0.021094 0.014500 -0.000000 -0.018690 0.988575 -0.149565 16.254000 -0.017489 0.149245 0.988646 -0.165600 0.000000 0.000000 0.000000 1.000000
0.999761 0.019594 0.009645 0.000000 -0.017916 0.988390 -0.150877 16.254000 -0.012489 0.150669 0.988505 -0.165600 0.000000 0.000000 0.000000 1.000000
0.999862 0.016563 0.001342 0.000000 -0.016177 0.988666 -0.149255 16.254000 -0.003799 0.149213 0.988798 -0.165600 0.000000 0.000000 0.000000 1.000000
0.999885 0.012408 -0.008717 -0.000000 -0.013547 0.989208 -0.145891 16.254000 0.006813 0.145992 0.989262 -0.165600 0.000000 0.000000 0.000000 1.000000
0.999781 0.007100 -0.019695 -0.000000 -0.009811 0.989938 -0.141162 16.254000 0.018495 0.141324 0.989791 -0.165600 0.000000 0.000000 0.000000 1.000000
0.999533 0.001391 -0.030535 -0.000000 -0.005544 0.990642 -0.136376 16.254000 0.030060 0.136481 0.990186 -0.165600 0.000000 0.000000 0.000000 1.000000
0.999133 -0.002886 -0.041544 0.000000 -0.002676 0.991083 -0.133216 16.254000 0.041558 0.133211 0.990216 -0.165600 0.000000 0.000000 0.000000 1.000000</float_array><technique_common><accessor source="#swat_Spine1-Matrix-animation-output-transform-array" count="38" stride="16"><param type="float4x4"/></accessor></technique_common></source><source id="swat_Spine1-Interpolations"><Name_array id="swat_Spine1-Interpolations-array" count="38">
 LINEAR LINEAR LINEAR LINEAR LINEAR LINEAR LINEAR LINEAR LINEAR LINEAR LINEAR
LINEAR LINEAR LINEAR LINEAR LINEAR LINEAR LINEAR LINEAR LINEAR LINEAR LINEAR LINEAR
LINEAR LINEAR LINEAR LINEAR LINEAR LINEAR LINEAR LINEAR LINEAR LINEAR LINEAR LINEAR
LINEAR LINEAR LINEAR</Name_array><technique_common><accessor source="#swat_Spine1-Interpolations-array" count="38"><param type="name"/></accessor></technique_common></source><sampler id="swat_Spine1-Matrix-animation-transform"><input semantic="INPUT" source="#swat_Spine1-Matrix-animation-input"/><input semantic="OUTPUT" source="#swat_Spine1-Matrix-animation-output-transform"/><input semantic="INTERPOLATION" source="#swat_Spine1-Interpolations"/></sampler><channel source="#swat_Spine1-Matrix-animation-transform" target="swat_Spine1/matrix"/></animation>
    <animation id="swat_Spine2-anim" name="swat_Spine2"><source id="swat_Spine2-Matrix-animation-input"><float_array id="swat_Spine2-Matrix-animation-input-array" count="38">

0.000000 0.033333 0.066667 0.100000 0.133333 0.166667 0.200000 0.233333 0.266667 0.300000 0.333333 0.366667 0.400000 0.433333 0.466667 0.500000
0.533333 0.566667 0.600000 0.633333 0.666667 0.700000 0.733333 0.766667 0.800000 0.833333 0.866667 0.900000 0.933333 0.966667 1.000000 1.033333
1.066667 1.100000 1.133333 1.166667 1.200000 1.233333</float_array><technique_common><accessor source="#swat_Spine2-Matrix-animation-input-array" count="38"><param name="TIME" type="float"/></accessor></technique_common></source><source id="swat_Spine2-Matrix-animation-output-transform"><float_array id="swat_Spine2-Matrix-animation-output-transform-array" count="608">

0.998962 -0.006176 -0.045127 0.000000 0.000129 0.991144 -0.132791 13.639600 0.045548 0.132647 0.990116 -1.292300 0.000000 0.000000 0.000000 1.000000
0.998640 -0.009612 -0.051238 0.000000 0.002776 0.991266 -0.131850 13.639600 0.052058 0.131529 0.989945 -1.292300 0.000000 0.000000 0.000000 1.000000
0.998036 -0.013809 -0.061109 0.000000 0.005757 0.991495 -0.130021 13.639600 0.062384 0.129414 0.989626 -1.292300 0.000000 0.000000 0.000000 1.000000
0.997458 -0.018535 -0.068807 -0.000000 0.009613 0.991753 -0.127800 13.639600 0.070609 0.126814 0.989410 -1.292300 0.000000 0.000000 0.000000 1.000000
0.997171 -0.023864 -0.071283 0.000000 0.014803 0.992042 -0.125031 13.639600 0.073699 0.123622 0.989589 -1.292300 0.000000 0.000000 0.000000 1.000000
0.997082 -0.029372 -0.070468 -0.000000 0.020612 0.992321 -0.121957 13.639600 0.073509 0.120148 0.990031 -1.292300 0.000000 0.000000 0.000000 1.000000
0.997082 -0.034718 -0.067982 0.000000 0.026479 0.992596 -0.118542 13.639600 0.071594 0.116396 0.990619 -1.292300 0.000000 0.000000 0.000000 1.000000
0.997247 -0.039736 -0.062601 0.000000 0.032383 0.992909 -0.114385 13.639600 0.066702 0.112043 0.991462 -1.292300 0.000000 0.000000 0.000000 1.000000
0.997526 -0.044105 -0.054744 0.000000 0.037931 0.993306 -0.109108 13.639600 0.059190 0.106762 0.992521 -1.292300 0.000000 0.000000 0.000000 1.000000
0.997800 -0.047340 -0.046413 0.000000 0.042353 0.993770 -0.103091 13.639600 0.051004 0.100898 0.993588 -1.292300 0.000000 0.000000 0.000000 1.000000
0.998092 -0.048707 -0.037939 0.000000 0.044819 0.994242 -0.097338 13.639600 0.042461 0.095452 0.994528 -1.292300 0.000000 0.000000 0.000000 1.000000
0.998449 -0.047062 -0.029758 0.000000 0.044100 0.994654 -0.093373 13.639600 0.033993 0.091916 0.995186 -1.292300 0.000000 0.000000 0.000000 1.000000
0.998813 -0.043504 -0.021919 0.000000 0.041380 0.995131 -0.089451 13.639600 0.025703 0.088437 0.995750 -1.292300 0.000000 0.000000 0.000000 1.000000
0.999117 -0.039461 -0.014395 0.000000 0.038094 0.995624 -0.085333 13.639600 0.017700 0.084710 0.996248 -1.292300 0.000000 0.000000 0.000000 1.000000
0.999290 -0.036391 -0.009805 0.000000 0.035471 0.996024 -0.081725 13.639600 0.012740 0.081319 0.996607 -1.292300 0.000000 0.000000 0.000000 1.000000
0.999408 -0.033762 -0.006677 -0.000000 0.033129 0.996318 -0.079070 13.639600 0.009322 0.078802 0.996847 -1.292300 0.000000 0.000000 0.000000 1.000000
0.999480 -0.031696 -0.005906 -0.000000 0.031131 0.996384 -0.079054 13.639600 0.008390 0.078829 0.996853 -1.292300 0.000000 0.000000 0.000000 1.000000
0.999512 -0.030159 -0.008077 0.000000 0.029393 0.996174 -0.082301 13.639600 0.010528 0.082024 0.996575 -1.292300 0.000000 0.000000 0.000000 1.000000
0.999497 -0.029333 -0.012082 -0.000000 0.028176 0.995827 -0.086803 13.639600 0.014578 0.086419 0.996152 -1.292300 0.000000 0.000000 0.000000 1.000000
0.999484 -0.028342 -0.015120 -0.000000 0.026865 0.995555 -0.090273 13.639600 0.017611 0.089820 0.995802 -1.292300 0.000000 0.000000 0.000000 1.000000
0.999556 -0.025226 -0.015853 0.000000 0.023647 0.995388 -0.092972 13.639600 0.018125 0.092556 0.995542 -1.292300 0.000000 0.000000 0.000000 1.000000
0.999639 -0.021452 -0.016178 0.000000 0.019808 0.995217 -0.095657 13.639600 0.018153 0.095302 0.995283 -1.292300 0.000000 0.000000 0.000000 1.000000
0.999750 -0.015748 -0.015902 0.000000 0.014105 0.995026 -0.098615 13.639600 0.017376 0.098366 0.994999 -1.292300 0.000000 0.000000 0.000000 1.000000
0.999867 -0.008078 -0.014141 -0.000000 0.006591 0.994746 -0.102162 13.639600 0.014892 0.102055 0.994667 -1.292300 0.000000 0.000000 0.000000 1.000000
0.999940 0.000375 -0.010937 0.000000 -0.001535 0.994336 -0.106267 13.639600 0.010835 0.106278 0.994277 -1.292300 0.000000 0.000000 0.000000 1.000000
0.999941 0.008237 -0.007035 0.000000 -0.008967 0.993772 -0.111072 13.639600 0.006076 0.111129 0.993787 -1.292300 0.000000 0.000000 0.000000 1.000000
0.999897 0.014221 -0.002059 0.000000 -0.014364 0.992995 -0.117281 13.639600 0.000377 0.117298 0.993097 -1.292300 0.000000 0.000000 0.000000 1.000000
0.999814 0.018970 0.003442 -0.000000 -0.018396 0.992074 -0.124304 13.639600 -0.005772 0.124217 0.992238 -1.292300 0.000000 0.000000 0.000000 1.000000
0.999692 0.023208 0.008845 -0.000000 -0.021845 0.991078 -0.131481 13.639600 -0.011818 0.131247 0.991279 -1.292300 0.000000 0.000000 0.000000 1.000000
0.999593 0.025652 0.012460 -0.000000 -0.023687 0.990130 -0.138135 13.639600 -0.015880 0.137784 0.990335 -1.292300 0.000000 0.000000 0.000000 1.000000
0.999570 0.025850 0.013825 -0.000000 -0.023591 0.989282 -0.144101 13.639600 -0.017402 0.143713 0.989466 -1.292300 0.000000 0.000000 0.000000 1.000000
0.999586 0.025539 0.013268 0.000000 -0.023284 0.988603 -0.148732 13.639600 -0.016916 0.148362 0.988789 -1.292300 0.000000 0.000000 0.000000 1.000000
0.999691 0.023425 0.008294 -0.000000 -0.021915 0.988417 -0.150174 13.639600 -0.011715 0.149946 0.988625 -1.292300 0.000000 0.000000 0.000000 1.000000
0.999813 0.019349 -0.000491 -0.000000 -0.019207 0.988692 -0.148728 13.639600 -0.002392 0.148710 0.988878 -1.292300 0.000000 0.000000 0.000000 1.000000
0.999838 0.013979 -0.011378 -0.000000 -0.015487 0.989226 -0.145575 13.639600 0.009220 0.145727 0.989282 -1.292300 0.000000 0.000000 0.000000 1.000000
0.999691 0.007555 -0.023672 0.000000 -0.010821 0.989941 -0.141066 13.639600 0.022368 0.141279 0.989717 -1.292300 0.000000 0.000000 0.000000 1.000000
0.999372 0.000857 -0.035430 0.000000 -0.005689 0.990624 -0.136496 13.639600 0.034981 0.136612 0.990007 -1.292300 0.000000 0.000000 0.000000 1.000000
0.999065 -0.004336 -0.043011 -0.000000 -0.001450 0.991036 -0.133589 13.639600 0.043204 0.133527 0.990103 -1.292300 0.000000 0.000000 0.000000 1.000000</float_array><technique_common><accessor source="#swat_Spine2-Matrix-animation-output-transform-array" count="38" stride="16"><param type="float4x4"/></accessor></technique_common></source><source id="swat_Spine2-Interpolations"><Name_array id="swat_Spine2-Interpolations-array" count="38">
 LINEAR LINEAR LINEAR LINEAR LINEAR LINEAR LINEAR LINEAR LINEAR LINEAR LINEAR
LINEAR LINEAR LINEAR LINEAR LINEAR LINEAR LINEAR LINEAR LINEAR LINEAR LINEAR LINEAR
LINEAR LINEAR LINEAR LINEAR LINEAR LINEAR LINEAR LINEAR LINEAR LINEAR LINEAR LINEAR
LINEAR LINEAR LINEAR</Name_array><technique_common><accessor source="#swat_Spine2-Interpolations-array" count="38"><param type="name"/></accessor></technique_common></source><sampler id="swat_Spine2-Matrix-animation-transform"><input semantic="INPUT" source="#swat_Spine2-Matrix-animation-input"/><input semantic="OUTPUT" source="#swat_Spine2-Matrix-animation-output-transform"/><input semantic="INTERPOLATION" source="#swat_Spine2-Interpolations"/></sampler><channel source="#swat_Spine2-Matrix-animation-transform" target="swat_Spine2/matrix"/></animation>
    <animation id="swat_Neck-anim" name="swat_Neck"><source id="swat_Neck-Matrix-animation-input"><float_array id="swat_Neck-Matrix-animation-input-array" count="38">

0.000000 0.033333 0.066667 0.100000 0.133333 0.166667 0.200000 0.233333 0.266667 0.300000 0.333333 0.366667 0.400000 0.433333 0.466667 0.500000
0.533333 0.566667 0.600000 0.633333 0.666667 0.700000 0.733333 0.766667 0.800000 0.833333 0.866667 0.900000 0.933333 0.966667 1.000000 1.033333
1.066667 1.100000 1.133333 1.166667 1.200000 1.233333</float_array><technique_common><accessor source="#swat_Neck-Matrix-animation-input-array" count="38"><param name="TIME" type="float"/></accessor></technique_common></source><source id="swat_Neck-Matrix-animation-output-transform"><float_array id="swat_Neck-Matrix-animation-output-transform-array" count="608">

0.991320 0.074877 0.108063 0.000000 -0.085682 0.991384 0.099075 13.877400 -0.099713 -0.107474 0.989195 -4.354200 0.000000 0.000000 0.000000 1.000000
0.991120 0.076603 0.108687 0.000000 -0.087475 0.991228 0.099069 13.877400 -0.100144 -0.107697 0.989127 -4.354200 0.000000 0.000000 0.000000 1.000000
0.990804 0.079544 0.109454 -0.000000 -0.090479 0.990979 0.098862 13.877400 -0.100603 -0.107856 0.989063 -4.354200 0.000000 0.000000 0.000000 1.000000
0.990592 0.081681 0.109795 -0.000000 -0.092600 0.990835 0.098337 13.877400 -0.100756 -0.107579 0.989078 -4.354200 0.000000 0.000000 0.000000 1.000000
0.990623 0.081896 0.109355 0.000000 -0.092670 0.990924 0.097376 13.877400 -0.100388 -0.106597 0.989222 -4.354200 0.000000 0.000000 0.000000 1.000000
0.990807 0.080840 0.108477 0.000000 -0.091400 0.991158 0.096192 13.877400 -0.099741 -0.105222 0.989434 -4.354200 0.000000 0.000000 0.000000 1.000000
0.991090 0.078677 0.107477 0.000000 -0.088984 0.991518 0.094734 13.877400 -0.099112 -0.103453 0.989684 -4.354200 0.000000 0.000000 0.000000 1.000000
0.991552 0.074416 0.106243 -0.000000 -0.084386 0.992116 0.092657 13.877400 -0.098510 -0.100840 0.990014 -4.354200 0.000000 0.000000 0.000000 1.000000
0.992129 0.068735 0.104665 0.000000 -0.078295 0.992846 0.090143 13.877400 -0.097721 -0.097628 0.990414 -4.354200 0.000000 0.000000 0.000000 1.000000
0.992670 0.063537 0.102805 0.000000 -0.072699 0.993466 0.087977 13.877400 -0.096543 -0.094806 0.990803 -4.354200 0.000000 0.000000 0.000000 1.000000
0.993159 0.058843 0.100855 0.000000 -0.067677 0.993947 0.086534 13.877400 -0.095153 -0.092768 0.991131 -4.354200 0.000000 0.000000 0.000000 1.000000
0.993560 0.054478 0.099348 -0.000000 -0.063145 0.994267 0.086285 13.877400 -0.094078 -0.092003 0.991305 -4.354200 0.000000 0.000000 0.000000 1.000000
0.993854 0.050273 0.098620 0.000000 -0.058934 0.994466 0.086969 13.877400 -0.093702 -0.092247 0.991318 -4.354200 0.000000 0.000000 0.000000 1.000000
0.994087 0.046221 0.098255 0.000000 -0.054947 0.994599 0.088049 13.877400 -0.093655 -0.092927 0.991258 -4.354200 0.000000 0.000000 0.000000 1.000000
0.994179 0.043846 0.098419 0.000000 -0.052794 0.994520 0.090235 13.877400 -0.093923 -0.094906 0.991046 -4.354200 0.000000 0.000000 0.000000 1.000000
0.994217 0.042289 0.098709 -0.000000 -0.051509 0.994350 0.092811 13.877400 -0.094226 -0.097359 0.990779 -4.354200 0.000000 0.000000 0.000000 1.000000
0.994210 0.041942 0.098928 0.000000 -0.051457 0.994081 0.095680 13.877400 -0.094329 -0.100216 0.990484 -4.354200 0.000000 0.000000 0.000000 1.000000
0.994179 0.042801 0.098872 0.000000 -0.052582 0.993742 0.098547 13.877400 -0.094035 -0.103172 0.990209 -4.354200 0.000000 0.000000 0.000000 1.000000
0.994144 0.044630 0.098415 0.000000 -0.054586 0.993397 0.100907 13.877400 -0.093262 -0.105688 0.990016 -4.354200 0.000000 0.000000 0.000000 1.000000
0.994082 0.046903 0.097986 -0.000000 -0.056977 0.993081 0.102680 13.877400 -0.092492 -0.107656 0.989877 -4.354200 0.000000 0.000000 0.000000 1.000000
0.993982 0.048913 0.098012 -0.000000 -0.059089 0.992845 0.103769 13.877400 -0.092235 -0.108936 0.989760 -4.354200 0.000000 0.000000 0.000000 1.000000
0.993877 0.050764 0.098141 0.000000 -0.061037 0.992631 0.104685 13.877400 -0.092103 -0.110034 0.989651 -4.354200 0.000000 0.000000 0.000000 1.000000
0.993771 0.052100 0.098515 0.000000 -0.062467 0.992481 0.105260 13.877400 -0.092290 -0.110758 0.989553 -4.354200 0.000000 0.000000 0.000000 1.000000
0.993636 0.052990 0.099397 -0.000000 -0.063424 0.992454 0.104936 13.877400 -0.093087 -0.110572 0.989499 -4.354200 0.000000 0.000000 0.000000 1.000000
0.993461 0.053765 0.100719 0.000000 -0.064231 0.992529 0.103734 13.877400 -0.094389 -0.109525 0.989492 -4.354200 0.000000 0.000000 0.000000 1.000000
0.993287 0.054467 0.102048 0.000000 -0.064913 0.992664 0.102007 13.877400 -0.095743 -0.107946 0.989536 -4.354200 0.000000 0.000000 0.000000 1.000000
0.993138 0.055046 0.103181 0.000000 -0.065359 0.992900 0.099385 13.877400 -0.096978 -0.105447 0.989685 -4.354200 0.000000 0.000000 0.000000 1.000000
0.993008 0.055543 0.104160 0.000000 -0.065653 0.993185 0.096293 13.877400 -0.098102 -0.102459 0.989888 -4.354200 0.000000 0.000000 0.000000 1.000000
0.992889 0.056007 0.105042 0.000000 -0.065898 0.993465 0.093187 13.877400 -0.099137 -0.099446 0.990092 -4.354200 0.000000 0.000000 0.000000 1.000000
0.992832 0.056313 0.105418 -0.000000 -0.066004 0.993678 0.090813 13.877400 -0.099637 -0.097120 0.990273 -4.354200 0.000000 0.000000 0.000000 1.000000
0.992851 0.056421 0.105179 0.000000 -0.065940 0.993816 0.089342 13.877400 -0.099488 -0.095639 0.990432 -4.354200 0.000000 0.000000 0.000000 1.000000
0.992851 0.056705 0.105034 0.000000 -0.066129 0.993876 0.088526 13.877400 -0.099371 -0.094839 0.990521 -4.354200 0.000000 0.000000 0.000000 1.000000
0.992788 0.057530 0.105176 0.000000 -0.067021 0.993770 0.089048 13.877400 -0.099398 -0.095454 0.990459 -4.354200 0.000000 0.000000 0.000000 1.000000
0.992648 0.059124 0.105614 0.000000 -0.068817 0.993505 0.090623 13.877400 -0.099570 -0.097225 0.990269 -4.354200 0.000000 0.000000 0.000000 1.000000
0.992438 0.061495 0.106230 -0.000000 -0.071463 0.993125 0.092719 13.877400 -0.099797 -0.099609 0.990009 -4.354200 0.000000 0.000000 0.000000 1.000000
0.992125 0.065168 0.106959 0.000000 -0.075456 0.992600 0.095142 13.877400 -0.099967 -0.102463 0.989701 -4.354200 0.000000 0.000000 0.000000 1.000000
0.991727 0.069978 0.107612 -0.000000 -0.080564 0.991980 0.097393 13.877400 -0.099933 -0.105257 0.989411 -4.354200 0.000000 0.000000 0.000000 1.000000
0.991419 0.073681 0.107978 0.000000 -0.084443 0.991523 0.098745 13.877400 -0.099787 -0.107016 0.989237 -4.354200 0.000000 0.000000 0.000000 1.000000</float_array><technique_common><accessor source="#swat_Neck-Matrix-animation-output-transform-array" count="38" stride="16"><param type="float4x4"/></accessor></technique_common></source><source id="swat_Neck-Interpolations"><Name_array id="swat_Neck-Interpolations-array" count="38">
 LINEAR LINEAR LINEAR LINEAR LINEAR LINEAR LINEAR LINEAR LINEAR LINEAR LINEAR
LINEAR LINEAR LINEAR LINEAR LINEAR LINEAR LINEAR LINEAR LINEAR LINEAR LINEAR LINEAR
LINEAR LINEAR LINEAR LINEAR LINEAR LINEAR LINEAR LINEAR LINEAR LINEAR LINEAR LINEAR
LINEAR LINEAR LINEAR</Name_array><technique_common><accessor source="#swat_Neck-Interpolations-array" count="38"><param type="name"/></accessor></technique_common></source><sampler id="swat_Neck-Matrix-animation-transform"><input semantic="INPUT" source="#swat_Neck-Matrix-animation-input"/><input semantic="OUTPUT" source="#swat_Neck-Matrix-animation-output-transform"/><input semantic="INTERPOLATION" source="#swat_Neck-Interpolations"/></sampler><channel source="#swat_Neck-Matrix-animation-transform" target="swat_Neck/matrix"/></animation>
    <animation id="swat_Neck1-anim" name="swat_Neck1"><source id="swat_Neck1-Matrix-animation-input"><float_array id="swat_Neck1-Matrix-animation-input-array" count="38">

0.000000 0.033333 0.066667 0.100000 0.133333 0.166667 0.200000 0.233333 0.266667 0.300000 0.333333 0.366667 0.400000 0.433333 0.466667 0.500000
0.533333 0.566667 0.600000 0.633333 0.666667 0.700000 0.733333 0.766667 0.800000 0.833333 0.866667 0.900000 0.933333 0.966667 1.000000 1.033333
1.066667 1.100000 1.133333 1.166667 1.200000 1.233333</float_array><technique_common><accessor source="#swat_Neck1-Matrix-animation-input-array" count="38"><param name="TIME" type="float"/></accessor></technique_common></source><source id="swat_Neck1-Matrix-animation-output-transform"><float_array id="swat_Neck1-Matrix-animation-output-transform-array" count="608">

0.991320 0.074877 0.108063 -0.000000 -0.085682 0.991384 0.099075 4.340000 -0.099713 -0.107474 0.989195 0.926900 0.000000 0.000000 0.000000 1.000000
0.991120 0.076603 0.108687 0.000000 -0.087476 0.991228 0.099068 4.340000 -0.100144 -0.107695 0.989127 0.926900 0.000000 0.000000 0.000000 1.000000
0.990804 0.079543 0.109454 -0.000000 -0.090479 0.990979 0.098862 4.340000 -0.100603 -0.107856 0.989063 0.926900 0.000000 0.000000 0.000000 1.000000
0.990592 0.081681 0.109795 0.000000 -0.092600 0.990835 0.098337 4.340000 -0.100756 -0.107579 0.989078 0.926900 0.000000 0.000000 0.000000 1.000000
0.990623 0.081896 0.109355 0.000000 -0.092671 0.990924 0.097377 4.340000 -0.100387 -0.106597 0.989222 0.926900 0.000000 0.000000 0.000000 1.000000
