<?xml version="1.0" encoding="utf-8"?>
<COLLADA xmlns="http://www.collada.org/2005/11/COLLADASchema" version="1.4.1">
  <asset><contributor><author>Mixamo</author><authoring_tool>COLLADA Mixamo exporter</authoring_tool><comments></comments></contributor><created>2018-06-07T18:36:14Z</created><modified>2018-06-07T18:36:14Z</modified><revision></revision><title></title><unit meter="0.010000"/><up_axis>Y_UP</up_axis></asset>
  <library_animations>
    <animation id="swat_Hips-anim" name="swat_Hips"><source id="swat_Hips-Matrix-animation-input"><float_array id="swat_Hips-Matrix-animation-input-array" count="38">

0.000000 0.033333 0.066667 0.100000 0.133333 0.166667 0.200000 0.233333 0.266667 0.300000 0.333333 0.366667 0.400000 0.433333 0.466667 0.500000
0.533333 0.566667 0.600000 0.633333 0.666667 0.700000 0.733333 0.766667 0.800000 0.833333 0.866667 0.900000 0.933333 0.966667 1.000000 1.033333
1.066667 1.100000 1.133333 1.166667 1.200000 1.233333</float_array><technique_common><accessor source="#swat_Hips-Matrix-animation-input-array" count="38"><param name="TIME" type="float"/></accessor></technique_common></source><source id="swat_Hips-Matrix-animation-output-transform"><float_array id="swat_Hips-Matrix-animation-output-transform-array" count="608">

0.636375 -0.287575 -0.715770 2.111987 -0.024363 0.919953 -0.391270 69.702957 0.770995 0.266433 0.578430 -1.978541 0.000000 0.000000 0.000000 1.000000
0.617371 -0.298786 -0.727723 2.626228 -0.015567 0.920243 -0.391037 69.444901 0.786518 0.252744 0.563480 -2.818191 0.000000 0.000000 0.000000 1.000000
0.605233 -0.300540 -0.737136 3.010409 -0.017654 0.920698 -0.389876 68.888702 0.795853 0.248979 0.551931 -2.922857 0.000000 0.000000 0.000000 1.000000
0.591102 -0.302330 -0.747793 3.481788 -0.018499 0.921772 -0.387291 68.147430 0.806385 0.242762 0.539268 -2.502560 0.000000 0.000000 0.000000 1.000000
0.572306 -0.300018 -0.763187 4.237815 -0.012108 0.927478 -0.373682 66.850433 0.819951 0.223101 0.527169 -1.357401 0.000000 0.000000 0.000000 1.000000
0.545144 -0.292252 -0.785752 5.336476 -0.009303 0.935102 -0.354256 65.343002 0.838291 0.200430 0.507046 0.267295 0.000000 0.000000 0.000000 1.000000
0.513966 -0.290738 -0.807038 6.688094 -0.012107 0.938259 -0.345721 63.960190 0.857725 0.187460 0.478713 1.815725 0.000000 0.000000 0.000000 1.000000
0.513753 -0.315047 -0.797999 7.725963 0.016064 0.933506 -0.358202 63.185394 0.857788 0.171209 0.484653 3.329289 0.000000 0.000000 0.000000 1.000000
0.551528 -0.316287 -0.771867 8.888596 0.045171 0.935294 -0.350977 62.949471 0.832932 0.158708 0.530128 4.750042 0.000000 0.000000 0.000000 1.000000
0.583025 -0.295322 -0.756880 9.827262 0.035264 0.939917 -0.339576 63.082268 0.811688 0.171291 0.558410 6.111165 0.000000 0.000000 0.000000 1.000000
0.591393 -0.286864 -0.753633 10.551912 0.007489 0.936498 -0.350593 63.448761 0.806348 0.201695 0.555987 6.641405 0.000000 0.000000 0.000000 1.000000
0.605732 -0.268551 -0.748979 11.003680 -0.023530 0.934862 -0.354230 63.691311 0.795321 0.232192 0.559957 6.840201 0.000000 0.000000 0.000000 1.000000
0.628172 -0.232857 -0.742413 11.306133 -0.063343 0.935696 -0.347075 64.178810 0.775492 0.265049 0.573028 6.958769 0.000000 0.000000 0.000000 1.000000
0.655610 -0.214429 -0.724014 11.689989 -0.085743 0.931490 -0.353519 64.668350 0.750216 0.293849 0.592308 6.542249 0.000000 0.000000 0.000000 1.000000
0.666116 -0.204872 -0.717159 12.056740 -0.095361 0.930249 -0.354320 65.199120 0.739727 0.304407 0.600117 5.909051 0.000000 0.000000 0.000000 1.000000
0.668662 -0.196158 -0.717226 12.211516 -0.102947 0.930864 -0.350563 65.634224 0.736406 0.308245 0.602239 4.865085 0.000000 0.000000 0.000000 1.000000
0.678137 -0.184499 -0.711400 12.114706 -0.108625 0.932183 -0.345304 65.917587 0.726864 0.311439 0.612107 3.606651 0.000000 0.000000 0.000000 1.000000
0.689405 -0.171624 -0.703751 11.900820 -0.113560 0.933909 -0.338997 66.125832 0.715419 0.313624 0.624352 2.217999 0.000000 0.000000 0.000000 1.000000
0.705641 -0.158628 -0.690586 11.547003 -0.115293 0.935927 -0.332789 66.215034 0.699127 0.314449 0.642139 0.853654 0.000000 0.000000 0.000000 1.000000
0.730019 -0.147102 -0.667408 11.023746 -0.110616 0.938252 -0.327791 66.120102 0.674416 0.313120 0.668670 -0.311747 0.000000 0.000000 0.000000 1.000000
0.770795 -0.139293 -0.621669 10.044386 -0.093253 0.940626 -0.326383 65.717049 0.630221 0.309547 0.712040 -1.057127 0.000000 0.000000 0.000000 1.000000
0.802937 -0.134323 -0.580732 8.835754 -0.074729 0.943906 -0.321648 65.077400 0.591361 0.301660 0.747859 -1.431960 0.000000 0.000000 0.000000 1.000000
0.834621 -0.132952 -0.534538 7.475977 -0.047226 0.949589 -0.309921 64.088326 0.548796 0.283911 0.786268 -1.825932 0.000000 0.000000 0.000000 1.000000
0.859132 -0.132440 -0.494320 6.162374 -0.024579 0.954139 -0.298354 63.154064 0.511164 0.268475 0.816475 -2.145269 0.000000 0.000000 0.000000 1.000000
0.870946 -0.131669 -0.473410 5.106401 -0.017428 0.954547 -0.297551 62.546146 0.491070 0.267402 0.829064 -1.995535 0.000000 0.000000 0.000000 1.000000
0.870173 -0.125269 -0.476557 4.357329 -0.032682 0.950343 -0.309485 62.270020 0.491661 0.284880 0.822869 -1.408271 0.000000 0.000000 0.000000 1.000000
0.858365 -0.114998 -0.499984 3.854088 -0.066020 0.941693 -0.329934 62.271793 0.508773 0.316213 0.800724 -0.439105 0.000000 0.000000 0.000000 1.000000
0.839003 -0.105217 -0.533857 3.481019 -0.108752 0.928905 -0.353990 62.456322 0.533148 0.355057 0.767911 0.701790 0.000000 0.000000 0.000000 1.000000
0.815449 -0.099358 -0.570237 3.159902 -0.152965 0.913143 -0.377850 62.799210 0.558251 0.395344 0.729424 1.807396 0.000000 0.000000 0.000000 1.000000
0.791807 -0.098736 -0.602738 2.832821 -0.192376 0.896300 -0.399546 63.176605 0.579684 0.432316 0.690702 2.548290 0.000000 0.000000 0.000000 1.000000
0.772889 -0.113853 -0.624243 2.397349 -0.207654 0.884221 -0.418369 63.905487 0.599602 0.452979 0.659763 2.631709 0.000000 0.000000 0.000000 1.000000
0.759110 -0.143325 -0.634989 1.840605 -0.195538 0.880208 -0.432434 65.351135 0.620901 0.452429 0.640149 2.293446 0.000000 0.000000 0.000000 1.000000
0.749697 -0.167216 -0.640307 1.300156 -0.166840 0.888542 -0.427385 66.830688 0.640405 0.427238 0.638239 1.615830 0.000000 0.000000 0.000000 1.000000
0.743903 -0.191200 -0.640352 0.901718 -0.135986 0.894843 -0.425164 67.890022 0.654306 0.403360 0.639675 0.832296 0.000000 0.000000 0.000000 1.000000
0.741264 -0.211034 -0.637175 0.782946 -0.096444 0.905950 -0.412253 68.850395 0.664249 0.367040 0.651195 -0.016991 0.000000 0.000000 0.000000 1.000000
0.717582 -0.236402 -0.655127 1.001096 -0.062886 0.914799 -0.398984 69.504471 0.693630 0.327502 0.641576 -0.683707 0.000000 0.000000 0.000000 1.000000
0.674968 -0.266859 -0.687898 1.535179 -0.039005 0.918097 -0.394432 69.737526 0.736815 0.293061 0.609277 -1.299647 0.000000 0.000000 0.000000 1.000000
0.636375 -0.287575 -0.715771 2.111340 -0.024363 0.919953 -0.391270 69.702339 0.770995 0.266433 0.578429 -1.978558 0.000000 0.000000 0.000000 1.000000</float_array><technique_common><accessor source="#swat_Hips-Matrix-animation-output-transform-array" count="38" stride="16"><param type="float4x4"/></accessor></technique_common></source><source id="swat_Hips-Interpolations"><Name_array id="swat_Hips-Interpolations-array" count="38">
 LINEAR LINEAR LINEAR LINEAR LINEAR LINEAR LINEAR LINEAR LINEAR LINEAR LINEAR
LINEAR LINEAR LINEAR LINEAR LINEAR LINEAR LINEAR LINEAR LINEAR LINEAR LINEAR LINEAR
LINEAR LINEAR LINEAR LINEAR LINEAR LINEAR LINEAR LINEAR LINEAR LINEAR LINEAR LINEAR
LINEAR LINEAR LINEAR</Name_array><technique_common><accessor source="#swat_Hips-Interpolations-array" count="38"><param type="name"/></accessor></technique_common></source><sampler id="swat_Hips-Matrix-animation-transform"><input semantic="INPUT" source="#swat_Hips-Matrix-animation-input"/><input semantic="OUTPUT" source="#swat_Hips-Matrix-animation-output-transform"/><input semantic="INTERPOLATION" source="#swat_Hips-Interpolations"/></sampler><channel source="#swat_Hips-Matrix-animation-transform" target="swat_Hips/matrix"/></animation>
    <animation id="swat_Spine-anim" name="swat_Spine"><source id="swat_Spine-Matrix-animation-input"><float_array id="swat_Spine-Matrix-animation-input-array" count="38">

0.000000 0.033333 0.066667 0.100000 0.133333 0.166667 0.200000 0.233333 0.266667 0.300000 0.333333 0.366667 0.400000 0.433333 0.466667 0.500000
0.533333 0.566667 0.600000 0.633333 0.666667 0.700000 0.733333 0.766667 0.800000 0.833333 0.866667 0.900000 0.933333 0.966667 1.000000 1.033333
1.066667 1.100000 1.133333 1.166667 1.200000 1.233333</float_array><technique_common><accessor source="#swat_Spine-Matrix-animation-input-array" count="38"><param name="TIME" type="float"/></accessor></technique_common></source><source id="swat_Spine-Matrix-animation-output-transform"><float_array id="swat_Spine-Matrix-animation-output-transform-array" count="608">

0.995870 0.076707 -0.048572 -0.000000 -0.090777 0.851152 -0.517011 9.226300 0.001684 0.519285 0.854599 1.577100 0.000000 0.000000 0.000000 1.000000
0.992789 0.105995 -0.055992 0.000000 -0.119708 0.851922 -0.509802 9.226300 -0.006335 0.512829 0.858468 1.577100 0.000000 0.000000 0.000000 1.000000
0.991111 0.120823 -0.055680 -0.000000 -0.132409 0.855310 -0.500911 9.226300 -0.012898 0.503831 0.863706 1.577100 0.000000 0.000000 0.000000 1.000000
0.989785 0.131092 -0.056039 0.000000 -0.141652 0.859810 -0.490573 9.226300 -0.016127 0.493500 0.869596 1.577100 0.000000 0.000000 0.000000 1.000000
0.989566 0.132732 -0.056040 -0.000000 -0.143268 0.865345 -0.480264 9.226300 -0.015253 0.483281 0.875332 1.577100 0.000000 0.000000 0.000000 1.000000
0.988970 0.137936 -0.053969 -0.000000 -0.146847 0.865447 -0.478997 9.226300 -0.019364 0.481639 0.876156 1.577100 0.000000 0.000000 0.000000 1.000000
0.986788 0.153414 -0.052094 0.000000 -0.159637 0.865744 -0.474345 9.226300 -0.027672 0.476393 0.878797 1.577100 0.000000 0.000000 0.000000 1.000000
0.984664 0.164383 -0.058430 0.000000 -0.172879 0.874422 -0.453320 9.226300 -0.023426 0.456469 0.889431 1.577100 0.000000 0.000000 0.000000 1.000000
0.985966 0.154567 -0.063090 -0.000000 -0.166119 0.870726 -0.462861 9.226300 -0.016609 0.466845 0.884183 1.577100 0.000000 0.000000 0.000000 1.000000
0.989284 0.135623 -0.054070 0.000000 -0.145068 0.871193 -0.469018 9.226300 -0.016504 0.471836 0.881532 1.577100 0.000000 0.000000 0.000000 1.000000
0.989631 0.136811 -0.043734 0.000000 -0.141602 0.878318 -0.456625 9.226300 -0.024059 0.458084 0.888583 1.577100 0.000000 0.000000 0.000000 1.000000
0.990330 0.134795 -0.032808 0.000000 -0.135087 0.883124 -0.449270 9.226300 -0.031586 0.449358 0.892793 1.577100 0.000000 0.000000 0.000000 1.000000
0.993626 0.110997 -0.019683 0.000000 -0.107893 0.885805 -0.451341 9.226300 -0.032662 0.450588 0.892134 1.577100 0.000000 0.000000 0.000000 1.000000
0.996407 0.083895 -0.011600 0.000000 -0.080080 0.888673 -0.451494 9.226300 -0.027569 0.450801 0.892199 1.577100 0.000000 0.000000 0.000000 1.000000
0.997124 0.075264 -0.008915 0.000000 -0.070948 0.885573 -0.459050 9.226300 -0.026655 0.458362 0.888366 1.577100 0.000000 0.000000 0.000000 1.000000
0.997312 0.072824 -0.008102 0.000000 -0.068128 0.880885 -0.468403 9.226300 -0.026974 0.467695 0.883478 1.577100 0.000000 0.000000 0.000000 1.000000
0.997806 0.065784 -0.007488 -0.000000 -0.061275 0.874702 -0.480772 9.226300 -0.025077 0.480176 0.876814 1.577100 0.000000 0.000000 0.000000 1.000000
0.998323 0.057455 -0.007100 0.000000 -0.053440 0.867427 -0.494686 9.226300 -0.022263 0.494236 0.869043 1.577100 0.000000 0.000000 0.000000 1.000000
0.998845 0.047444 -0.007588 -0.000000 -0.044709 0.859955 -0.508408 9.226300 -0.017596 0.508160 0.861083 1.577100 0.000000 0.000000 0.000000 1.000000
0.999315 0.035528 -0.010362 -0.000000 -0.035731 0.853268 -0.520246 9.226300 -0.009642 0.520260 0.853953 1.577100 0.000000 0.000000 0.000000 1.000000
0.999720 0.018470 -0.014776 0.000000 -0.023478 0.850805 -0.524957 9.226300 0.002875 0.525157 0.851001 1.577100 0.000000 0.000000 0.000000 1.000000
0.999791 0.005892 -0.019587 0.000000 -0.015265 0.852338 -0.522768 9.226300 0.013614 0.522958 0.852250 1.577100 0.000000 0.000000 0.000000 1.000000
0.999647 -0.004994 -0.026090 -0.000000 -0.009197 0.856357 -0.516303 9.226300 0.024921 0.516360 0.856009 1.577100 0.000000 0.000000 0.000000 1.000000
0.999431 -0.015807 -0.029806 -0.000000 -0.001561 0.860845 -0.508864 9.226300 0.033703 0.508621 0.860331 1.577100 0.000000 0.000000 0.000000 1.000000
0.999142 -0.027662 -0.030823 -0.000000 0.008426 0.864442 -0.502663 9.226300 0.040549 0.501972 0.863933 1.577100 0.000000 0.000000 0.000000 1.000000
0.998750 -0.043511 -0.024581 0.000000 0.025516 0.866913 -0.497806 9.226300 0.042970 0.496556 0.866940 1.577100 0.000000 0.000000 0.000000 1.000000
0.998520 -0.054090 -0.005698 -0.000000 0.044300 0.869600 -0.491766 9.226300 0.031555 0.490785 0.870709 1.577100 0.000000 0.000000 0.000000 1.000000
0.998189 -0.055463 0.023309 -0.000000 0.059814 0.873263 -0.483564 9.226300 0.006465 0.484083 0.874998 1.577100 0.000000 0.000000 0.000000 1.000000
0.996969 -0.056759 0.053206 -0.000000 0.075274 0.876559 -0.475371 9.226300 -0.019657 0.477935 0.878175 1.577100 0.000000 0.000000 0.000000 1.000000
0.994518 -0.072386 0.075464 0.000000 0.099532 0.876563 -0.470883 9.226300 -0.032064 0.475812 0.878962 1.577100 0.000000 0.000000 0.000000 1.000000
0.993892 -0.074331 0.081566 -0.000000 0.104021 0.877827 -0.467546 9.226300 -0.036848 0.473175 0.880198 1.577100 0.000000 0.000000 0.000000 1.000000
0.995856 -0.059304 0.068947 0.000000 0.084794 0.879517 -0.468253 9.226300 -0.032871 0.472159 0.880901 1.577100 0.000000 0.000000 0.000000 1.000000
0.997937 -0.044756 0.046037 0.000000 0.061472 0.873039 -0.483761 9.226300 -0.018541 0.485593 0.873988 1.577100 0.000000 0.000000 0.000000 1.000000
0.998965 -0.040048 0.021588 0.000000 0.045488 0.870528 -0.490012 9.226300 0.000831 0.490486 0.871449 1.577100 0.000000 0.000000 0.000000 1.000000
0.999404 -0.034433 -0.002438 -0.000000 0.028518 0.863376 -0.503754 9.226300 0.019450 0.503384 0.863844 1.577100 0.000000 0.000000 0.000000 1.000000
0.999732 -0.006748 -0.022124 0.000000 -0.005616 0.857076 -0.515159 9.226300 0.022438 0.515145 0.856809 1.577100 0.000000 0.000000 0.000000 1.000000
0.998623 0.036692 -0.037482 0.000000 -0.050770 0.855686 -0.514999 9.226300 0.013176 0.516193 0.856371 1.577100 0.000000 0.000000 0.000000 1.000000
0.995877 0.076667 -0.048488 -0.000000 -0.090698 0.851172 -0.516991 9.226300 0.001635 0.519257 0.854616 1.577100 0.000000 0.000000 0.000000 1.000000</float_array><technique_common><accessor source="#swat_Spine-Matrix-animation-output-transform-array" count="38" stride="16"><param type="float4x4"/></accessor></technique_common></source><source id="swat_Spine-Interpolations"><Name_array id="swat_Spine-Interpolations-array" count="38">
 LINEAR LINEAR LINEAR LINEAR LINEAR LINEAR LINEAR LINEAR LINEAR LINEAR LINEAR
LINEAR LINEAR LINEAR LINEAR LINEAR LINEAR LINEAR LINEAR LINEAR LINEAR LINEAR LINEAR
LINEAR LINEAR LINEAR LINEAR LINEAR LINEAR LINEAR LINEAR LINEAR LINEAR LINEAR LINEAR
LINEAR LINEAR LINEAR</Name_array><technique_common><accessor source="#swat_Spine-Interpolations-array" count="38"><param type="name"/></accessor></technique_common></source><sampler id="swat_Spine-Matrix-animation-transform"><input semantic="INPUT" source="#swat_Spine-Matrix-animation-input"/><input semantic="OUTPUT" source="#swat_Spine-Matrix-animation-output-transform"/><input semantic="INTERPOLATION" source="#swat_Spine-Interpolations"/></sampler><channel source="#swat_Spine-Matrix-animation-transform" target="swat_Spine/matrix"/></animation>
    <animation id="swat_Spine1-anim" name="swat_Spine1"><source id="swat_Spine1-Matrix-animation-input"><float_array id="swat_Spine1-Matrix-animation-input-array" count="38">

0.000000 0.033333 0.066667 0.100000 0.133333 0.166667 0.200000 0.233333 0.266667 0.300000 0.333333 0.366667 0.400000 0.433333 0.466667 0.500000
0.533333 0.566667 0.600000 0.633333 0.666667 0.700000 0.733333 0.766667 0.800000 0.833333 0.866667 0.900000 0.933333 0.966667 1.000000 1.033333
1.066667 1.100000 1.133333 1.166667 1.200000 1.233333</float_array><technique_common><accessor source="#swat_Spine1-Matrix-animation-input-array" count="38"><param name="TIME" type="float"/></accessor></technique_common></source><source id="swat_Spine1-Matrix-animation-output-transform"><float_array id="swat_Spine1-Matrix-animation-output-transform-array" count="608">

0.998962 -0.008177 -0.044820 -0.000000 0.002867 0.993094 -0.117289 16.254000 0.045469 0.117038 0.992086 -0.165600 0.000000 0.000000 0.000000 1.000000
0.999334 0.001728 -0.036460 0.000000 -0.005780 0.993765 -0.111343 16.254000 0.036040 0.111480 0.993113 -0.165600 0.000000 0.000000 0.000000 1.000000
0.999571 0.003857 -0.029028 0.000000 -0.006995 0.994041 -0.108783 16.254000 0.028436 0.108940 0.993642 -0.165600 0.000000 0.000000 0.000000 1.000000
0.999692 0.008198 -0.023417 -0.000000 -0.010645 0.994270 -0.106371 16.254000 0.022411 0.106587 0.994051 -0.165600 0.000000 0.000000 0.000000 1.000000
0.999649 0.017883 -0.019546 0.000000 -0.019939 0.993660 -0.110648 16.254000 0.017444 0.110999 0.993667 -0.165600 0.000000 0.000000 0.000000 1.000000
0.999641 0.024509 -0.010817 0.000000 -0.025591 0.993044 -0.114930 16.254000 0.007924 0.115166 0.993315 -0.165600 0.000000 0.000000 0.000000 1.000000
0.999704 0.024300 0.001170 0.000000 -0.024016 0.993434 -0.111858 16.254000 -0.003881 0.111796 0.993724 -0.165600 0.000000 0.000000 0.000000 1.000000
0.999433 0.033389 0.004388 -0.000000 -0.032710 0.993473 -0.109278 16.254000 -0.008008 0.109073 0.994001 -0.165600 0.000000 0.000000 0.000000 1.000000
0.999373 0.035386 0.001395 -0.000000 -0.035009 0.993126 -0.111696 16.254000 -0.005338 0.111577 0.993741 -0.165600 0.000000 0.000000 0.000000 1.000000
0.999688 0.024361 0.005561 -0.000000 -0.023545 0.992861 -0.116934 16.254000 -0.008370 0.116766 0.993124 -0.165600 0.000000 0.000000 0.000000 1.000000
0.999735 0.014865 0.017594 -0.000000 -0.012742 0.993261 -0.115196 16.254000 -0.019188 0.114941 0.993187 -0.165600 0.000000 0.000000 0.000000 1.000000
0.999653 -0.000859 0.026330 -0.000000 0.003931 0.993142 -0.116844 16.254000 -0.026049 0.116907 0.992801 -0.165600 0.000000 0.000000 0.000000 1.000000
0.999458 -0.016495 0.028504 0.000000 0.019921 0.992028 -0.124435 16.254000 -0.026224 0.124935 0.991818 -0.165600 0.000000 0.000000 0.000000 1.000000
0.999371 -0.027337 0.022592 0.000000 0.029985 0.991489 -0.126693 16.254000 -0.018936 0.127290 0.991685 -0.165600 0.000000 0.000000 0.000000 1.000000
0.999373 -0.031143 0.016841 0.000000 0.033067 0.991009 -0.129647 16.254000 -0.012652 0.130123 0.991417 -0.165600 0.000000 0.000000 0.000000 1.000000
0.999422 -0.032196 0.010910 0.000000 0.033356 0.990666 -0.132168 16.254000 -0.006553 0.132455 0.991167 -0.165600 0.000000 0.000000 0.000000 1.000000
0.999375 -0.035293 0.002106 0.000000 0.035261 0.990558 -0.132478 16.254000 0.002590 0.132470 0.991184 -0.165600 0.000000 0.000000 0.000000 1.000000
0.999207 -0.039048 -0.007827 -0.000000 0.037678 0.990562 -0.131784 16.254000 0.012899 0.131385 0.991248 -0.165600 0.000000 0.000000 0.000000 1.000000
0.998847 -0.043745 -0.019780 0.000000 0.040795 0.990579 -0.130726 16.254000 0.025312 0.129769 0.991221 -0.165600 0.000000 0.000000 0.000000 1.000000
0.998165 -0.049674 -0.034643 0.000000 0.044782 0.990505 -0.129976 16.254000 0.040770 0.128186 0.990912 -0.165600 0.000000 0.000000 0.000000 1.000000
0.996725 -0.058086 -0.056253 -0.000000 0.050417 0.990327 -0.129271 16.254000 0.063218 0.126012 0.990012 -0.165600 0.000000 0.000000 0.000000 1.000000
0.995309 -0.063975 -0.072577 -0.000000 0.054129 0.989991 -0.130334 16.254000 0.080188 0.125794 0.988810 -0.165600 0.000000 0.000000 0.000000 1.000000
0.993770 -0.065859 -0.089913 0.000000 0.053500 0.989599 -0.133535 16.254000 0.097772 0.127893 0.986957 -0.165600 0.000000 0.000000 0.000000 1.000000
0.992220 -0.066916 -0.104982 -0.000000 0.052228 0.989207 -0.136898 16.254000 0.113009 0.130350 0.985006 -0.165600 0.000000 0.000000 0.000000 1.000000
0.991164 -0.069684 -0.112862 -0.000000 0.053705 0.988849 -0.138903 16.254000 0.121283 0.131614 0.983854 -0.165600 0.000000 0.000000 0.000000 1.000000
0.990715 -0.075708 -0.112928 0.000000 0.059589 0.988378 -0.139847 16.254000 0.122203 0.131820 0.983712 -0.165600 0.000000 0.000000 0.000000 1.000000
0.990661 -0.084611 -0.106922 -0.000000 0.069206 0.987678 -0.140366 16.254000 0.117481 0.131655 0.984309 -0.165600 0.000000 0.000000 0.000000 1.000000
0.990790 -0.094131 -0.097336 0.000000 0.080004 0.986908 -0.140040 16.254000 0.109244 0.130962 0.985350 -0.165600 0.000000 0.000000 0.000000 1.000000
0.990981 -0.102357 -0.086486 -0.000000 0.089770 0.986266 -0.138638 16.254000 0.099489 0.129624 0.986560 -0.165600 0.000000 0.000000 0.000000 1.000000
0.991303 -0.107128 -0.076435 0.000000 0.096080 0.986050 -0.135919 16.254000 0.089929 0.127393 0.987767 -0.165600 0.000000 0.000000 0.000000 1.000000
0.992117 -0.104120 -0.069738 0.000000 0.094352 0.986866 -0.131121 16.254000 0.082474 0.123508 0.988910 -0.165600 0.000000 0.000000 0.000000 1.000000
0.993440 -0.093238 -0.066215 0.000000 0.084402 0.988485 -0.125591 16.254000 0.077162 0.119178 0.989870 -0.165600 0.000000 0.000000 0.000000 1.000000
0.994416 -0.082022 -0.066397 -0.000000 0.073171 0.989298 -0.126236 16.254000 0.076041 0.120673 0.989776 -0.165600 0.000000 0.000000 0.000000 1.000000
0.995141 -0.070111 -0.069123 -0.000000 0.060929 0.990029 -0.127002 16.254000 0.077338 0.122173 0.989491 -0.165600 0.000000 0.000000 0.000000 1.000000
0.995570 -0.056722 -0.074989 0.000000 0.046625 0.990398 -0.130144 16.254000 0.081651 0.126072 0.988655 -0.165600 0.000000 0.000000 0.000000 1.000000
0.996792 -0.039352 -0.069692 0.000000 0.030050 0.991081 -0.129825 16.254000 0.074179 0.127314 0.989085 -0.165600 0.000000 0.000000 0.000000 1.000000
0.998232 -0.019543 -0.056137 0.000000 0.012500 0.992308 -0.123163 16.254000 0.058112 0.122244 0.990797 -0.165600 0.000000 0.000000 0.000000 1.000000
0.998962 -0.008129 -0.044815 0.000000 0.002822 0.993102 -0.117220 16.254000 0.045459 0.116972 0.992094 -0.165600 0.000000 0.000000 0.000000 1.000000</float_array><technique_common><accessor source="#swat_Spine1-Matrix-animation-output-transform-array" count="38" stride="16"><param type="float4x4"/></accessor></technique_common></source><source id="swat_Spine1-Interpolations"><Name_array id="swat_Spine1-Interpolations-array" count="38">
 LINEAR LINEAR LINEAR LINEAR LINEAR LINEAR LINEAR LINEAR LINEAR LINEAR LINEAR
LINEAR LINEAR LINEAR LINEAR LINEAR LINEAR LINEAR LINEAR LINEAR LINEAR LINEAR LINEAR
LINEAR LINEAR LINEAR LINEAR LINEAR LINEAR LINEAR LINEAR LINEAR LINEAR LINEAR LINEAR
LINEAR LINEAR LINEAR</Name_array><technique_common><accessor source="#swat_Spine1-Interpolations-array" count="38"><param type="name"/></accessor></technique_common></source><sampler id="swat_Spine1-Matrix-animation-transform"><input semantic="INPUT" source="#swat_Spine1-Matrix-animation-input"/><input semantic="OUTPUT" source="#swat_Spine1-Matrix-animation-output-transform"/><input semantic="INTERPOLATION" source="#swat_Spine1-Interpolations"/></sampler><channel source="#swat_Spine1-Matrix-animation-transform" target="swat_Spine1/matrix"/></animation>
    <animation id="swat_Spine2-anim" name="swat_Spine2"><source id="swat_Spine2-Matrix-animation-input"><float_array id="swat_Spine2-Matrix-animation-input-array" count="38">

0.000000 0.033333 0.066667 0.100000 0.133333 0.166667 0.200000 0.233333 0.266667 0.300000 0.333333 0.366667 0.400000 0.433333 0.466667 0.500000
0.533333 0.566667 0.600000 0.633333 0.666667 0.700000 0.733333 0.766667 0.800000 0.833333 0.866667 0.900000 0.933333 0.966667 1.000000 1.033333
1.066667 1.100000 1.133333 1.166667 1.200000 1.233333</float_array><technique_common><accessor source="#swat_Spine2-Matrix-animation-input-array" count="38"><param name="TIME" type="float"/></accessor></technique_common></source><source id="swat_Spine2-Matrix-animation-output-transform"><float_array id="swat_Spine2-Matrix-animation-output-transform-array" count="608">

0.999048 -0.010454 -0.042359 0.000000 0.005391 0.993009 -0.117911 13.639600 0.043296 0.117571 0.992120 -1.292300 0.000000 0.000000 0.000000 1.000000
0.999406 0.000063 -0.034473 0.000000 -0.003924 0.993707 -0.111939 13.639600 0.034249 0.112008 0.993117 -1.292300 0.000000 0.000000 0.000000 1.000000
0.999628 0.002755 -0.027144 0.000000 -0.005707 0.993995 -0.109279 13.639600 0.026680 0.109393 0.993640 -1.292300 0.000000 0.000000 0.000000 1.000000
0.999734 0.007479 -0.021807 0.000000 -0.009767 0.994236 -0.106769 13.639600 0.020883 0.106953 0.994045 -1.292300 0.000000 0.000000 0.000000 1.000000
0.999677 0.017397 -0.018513 0.000000 -0.019346 0.993640 -0.110932 13.639600 0.016466 0.111254 0.993656 -1.292300 0.000000 0.000000 0.000000 1.000000
0.999648 0.024497 -0.010152 -0.000000 -0.025503 0.993033 -0.115045 13.639600 0.007263 0.115263 0.993308 -1.292300 0.000000 0.000000 0.000000 1.000000
0.999686 0.024993 0.001959 0.000000 -0.024617 0.993427 -0.111785 13.639600 -0.004740 0.111701 0.993731 -1.292300 0.000000 0.000000 0.000000 1.000000
0.999402 0.034227 0.004825 0.000000 -0.033496 0.993462 -0.109135 13.639600 -0.008529 0.108908 0.994015 -1.292300 0.000000 0.000000 0.000000 1.000000
0.999351 0.035983 0.001687 -0.000000 -0.035570 0.993115 -0.111613 13.639600 -0.005691 0.111481 0.993750 -1.292300 0.000000 0.000000 0.000000 1.000000
0.999662 0.025189 0.006370 -0.000000 -0.024273 0.992858 -0.116803 13.639600 -0.009267 0.116609 0.993135 -1.292300 0.000000 0.000000 0.000000 1.000000
0.999687 0.016402 0.018894 0.000000 -0.014125 0.993277 -0.114898 13.639600 -0.020651 0.114595 0.993198 -1.292300 0.000000 0.000000 0.000000 1.000000
0.999593 0.001211 0.028518 0.000000 0.002119 0.993195 -0.116443 13.639600 -0.028465 0.116456 0.992788 -1.292300 0.000000 0.000000 0.000000 1.000000
0.999407 -0.014301 0.031327 -0.000000 0.018085 0.992109 -0.124071 13.639600 -0.029306 0.124564 0.991779 -1.292300 0.000000 0.000000 0.000000 1.000000
0.999344 -0.025514 0.025696 0.000000 0.028566 0.991564 -0.126435 13.639600 -0.022254 0.127086 0.991642 -1.292300 0.000000 0.000000 0.000000 1.000000
0.999358 -0.029620 0.020138 0.000000 0.031983 0.991070 -0.129450 13.639600 -0.016124 0.130011 0.991381 -1.292300 0.000000 0.000000 0.000000 1.000000
0.999417 -0.030983 0.014319 0.000000 0.032605 0.990709 -0.132030 13.639600 -0.010095 0.132420 0.991142 -1.292300 0.000000 0.000000 0.000000 1.000000
0.999385 -0.034598 0.005702 -0.000000 0.035048 0.990574 -0.132418 13.639600 -0.001067 0.132536 0.991178 -1.292300 0.000000 0.000000 0.000000 1.000000
0.999233 -0.038949 -0.004018 0.000000 0.038080 0.990543 -0.131813 13.639600 0.009114 0.131559 0.991266 -1.292300 0.000000 0.000000 0.000000 1.000000
0.998891 -0.044379 -0.015697 0.000000 0.041950 0.990511 -0.130872 13.639600 0.021356 0.130069 0.991275 -1.292300 0.000000 0.000000 0.000000 1.000000
0.998231 -0.051231 -0.030181 -0.000000 0.046888 0.990368 -0.130277 13.639600 0.036564 0.128632 0.991018 -1.292300 0.000000 0.000000 0.000000 1.000000
0.996823 -0.060997 -0.051224 0.000000 0.053914 0.990072 -0.129813 13.639600 0.058634 0.126639 0.990214 -1.292300 0.000000 0.000000 0.000000 1.000000
0.995431 -0.067845 -0.067182 -0.000000 0.058604 0.989639 -0.131072 13.639600 0.075379 0.126536 0.989094 -1.292300 0.000000 0.000000 0.000000 1.000000
0.993924 -0.070698 -0.084364 0.000000 0.058941 0.989157 -0.134518 13.639600 0.092959 0.128728 0.987313 -1.292300 0.000000 0.000000 0.000000 1.000000
0.992401 -0.072584 -0.099354 0.000000 0.058486 0.988689 -0.138106 13.639600 0.108255 0.131246 0.985421 -1.292300 0.000000 0.000000 0.000000 1.000000
0.991350 -0.075781 -0.107156 0.000000 0.060393 0.988281 -0.140191 13.639600 0.116524 0.132507 0.984309 -1.292300 0.000000 0.000000 0.000000 1.000000
0.990879 -0.081802 -0.107084 0.000000 0.066306 0.987783 -0.141025 13.639600 0.117312 0.132639 0.984198 -1.292300 0.000000 0.000000 0.000000 1.000000
0.990786 -0.090358 -0.100887 0.000000 0.075635 0.987078 -0.141267 13.639600 0.112348 0.132335 0.984818 -1.292300 0.000000 0.000000 0.000000 1.000000
0.990873 -0.099332 -0.091126 0.000000 0.085947 0.986330 -0.140590 13.639600 0.103845 0.131475 0.985865 -1.292300 0.000000 0.000000 0.000000 1.000000
0.991028 -0.106944 -0.080167 0.000000 0.095142 0.985735 -0.138833 13.639600 0.093871 0.129960 0.987066 -1.292300 0.000000 0.000000 0.000000 1.000000
0.991326 -0.111149 -0.070140 -0.000000 0.100894 0.985581 -0.135832 13.639600 0.084226 0.127577 0.988246 -1.292300 0.000000 0.000000 0.000000 1.000000
0.992131 -0.107765 -0.063736 0.000000 0.098737 0.986461 -0.130941 13.639600 0.076984 0.123617 0.989339 -1.292300 0.000000 0.000000 0.000000 1.000000
0.993461 -0.096688 -0.060724 0.000000 0.088498 0.988137 -0.125512 13.639600 0.072140 0.119317 0.990232 -1.292300 0.000000 0.000000 0.000000 1.000000
0.994458 -0.085529 -0.061139 0.000000 0.077286 0.988966 -0.126384 13.639600 0.071274 0.120959 0.990095 -1.292300 0.000000 0.000000 0.000000 1.000000
0.995197 -0.073774 -0.064350 0.000000 0.065135 0.989720 -0.127328 13.639600 0.073082 0.122525 0.989771 -1.292300 0.000000 0.000000 0.000000 1.000000
0.995644 -0.060801 -0.070680 -0.000000 0.051185 0.990101 -0.130687 13.639600 0.077926 0.126500 0.988901 -1.292300 0.000000 0.000000 0.000000 1.000000
0.996884 -0.043172 -0.066013 0.000000 0.034266 0.990850 -0.130546 13.639600 0.071045 0.127877 0.989242 -1.292300 0.000000 0.000000 0.000000 1.000000
0.998323 -0.022525 -0.053323 0.000000 0.015767 0.992166 -0.123924 13.639600 0.055697 0.122876 0.990858 -1.292300 0.000000 0.000000 0.000000 1.000000
0.999049 -0.010382 -0.042348 -0.000000 0.005319 0.993003 -0.117973 13.639600 0.043276 0.117635 0.992113 -1.292300 0.000000 0.000000 0.000000 1.000000</float_array><technique_common><accessor source="#swat_Spine2-Matrix-animation-output-transform-array" count="38" stride="16"><param type="float4x4"/></accessor></technique_common></source><source id="swat_Spine2-Interpolations"><Name_array id="swat_Spine2-Interpolations-array" count="38">
 LINEAR LINEAR LINEAR LINEAR LINEAR LINEAR LINEAR LINEAR LINEAR LINEAR LINEAR
LINEAR LINEAR LINEAR LINEAR LINEAR LINEAR LINEAR LINEAR LINEAR LINEAR LINEAR LINEAR
LINEAR LINEAR LINEAR LINEAR LINEAR LINEAR LINEAR LINEAR LINEAR LINEAR LINEAR LINEAR
LINEAR LINEAR LINEAR</Name_array><technique_common><accessor source="#swat_Spine2-Interpolations-array" count="38"><param type="name"/></accessor></technique_common></source><sampler id="swat_Spine2-Matrix-animation-transform"><input semantic="INPUT" source="#swat_Spine2-Matrix-animation-input"/><input semantic="OUTPUT" source="#swat_Spine2-Matrix-animation-output-transform"/><input semantic="INTERPOLATION" source="#swat_Spine2-Interpolations"/></sampler><channel source="#swat_Spine2-Matrix-animation-transform" target="swat_Spine2/matrix"/></animation>
    <animation id="swat_Neck-anim" name="swat_Neck"><source id="swat_Neck-Matrix-animation-input"><float_array id="swat_Neck-Matrix-animation-input-array" count="38">

0.000000 0.033333 0.066667 0.100000 0.133333 0.166667 0.200000 0.233333 0.266667 0.300000 0.333333 0.366667 0.400000 0.433333 0.466667 0.500000
0.533333 0.566667 0.600000 0.633333 0.666667 0.700000 0.733333 0.766667 0.800000 0.833333 0.866667 0.900000 0.933333 0.966667 1.000000 1.033333
1.066667 1.100000 1.133333 1.166667 1.200000 1.233333</float_array><technique_common><accessor source="#swat_Neck-Matrix-animation-input-array" count="38"><param name="TIME" type="float"/></accessor></technique_common></source><source id="swat_Neck-Matrix-animation-output-transform"><float_array id="swat_Neck-Matrix-animation-output-transform-array" count="608">

0.992060 0.072127 0.103031 0.000000 -0.083519 0.990314 0.110915 13.877400 -0.094033 -0.118639 0.988475 -4.354200 0.000000 0.000000 0.000000 1.000000
0.992271 0.069177 0.103016 -0.000000 -0.080375 0.990803 0.108851 13.877400 -0.094538 -0.116290 0.988706 -4.354200 0.000000 0.000000 0.000000 1.000000
0.992103 0.070238 0.103913 0.000000 -0.081325 0.990968 0.106620 13.877400 -0.095485 -0.114229 0.988855 -4.354200 0.000000 0.000000 0.000000 1.000000
0.992066 0.069701 0.104628 0.000000 -0.080602 0.991320 0.103866 13.877400 -0.096481 -0.111475 0.989073 -4.354200 0.000000 0.000000 0.000000 1.000000
0.992100 0.068446 0.105127 0.000000 -0.079416 0.991404 0.103974 13.877400 -0.097107 -0.111501 0.989008 -4.354200 0.000000 0.000000 0.000000 1.000000
0.991885 0.069345 0.106566 0.000000 -0.080570 0.991211 0.104925 13.877400 -0.098353 -0.112660 0.988754 -4.354200 0.000000 0.000000 0.000000 1.000000
0.991911 0.068400 0.106928 0.000000 -0.079614 0.991345 0.104390 13.877400 -0.098862 -0.112059 0.988772 -4.354200 0.000000 0.000000 0.000000 1.000000
0.992536 0.064464 0.103518 0.000000 -0.075729 0.991168 0.108859 13.877400 -0.095587 -0.115886 0.988652 -4.354200 0.000000 0.000000 0.000000 1.000000
0.993310 0.060294 0.098488 0.000000 -0.071466 0.990890 0.114150 13.877400 -0.090708 -0.120425 0.988570 -4.354200 0.000000 0.000000 0.000000 1.000000
0.993983 0.056967 0.093550 0.000000 -0.067628 0.991053 0.115064 13.877400 -0.086158 -0.120699 0.988943 -4.354200 0.000000 0.000000 0.000000 1.000000
0.994910 0.047300 0.088971 0.000000 -0.057717 0.991286 0.118408 13.877400 -0.082595 -0.122941 0.988971 -4.354200 0.000000 0.000000 0.000000 1.000000
0.995416 0.041986 0.085930 0.000000 -0.052164 0.991421 0.119849 13.877400 -0.080161 -0.123783 0.989066 -4.354200 0.000000 0.000000 0.000000 1.000000
0.995800 0.037111 0.083693 0.000000 -0.047167 0.991462 0.121566 13.877400 -0.078467 -0.125003 0.989049 -4.354200 0.000000 0.000000 0.000000 1.000000
0.995971 0.035329 0.082424 -0.000000 -0.045337 0.991383 0.122901 13.877400 -0.077372 -0.126142 0.988990 -4.354200 0.000000 0.000000 0.000000 1.000000
0.995785 0.037242 0.083820 0.000000 -0.047527 0.991111 0.124263 13.877400 -0.078447 -0.127722 0.988703 -4.354200 0.000000 0.000000 0.000000 1.000000
0.995538 0.039357 0.085767 0.000000 -0.049796 0.991132 0.123196 13.877400 -0.080157 -0.126917 0.988669 -4.354200 0.000000 0.000000 0.000000 1.000000
0.995313 0.041658 0.087273 0.000000 -0.052096 0.991289 0.120960 13.877400 -0.081474 -0.124940 0.988813 -4.354200 0.000000 0.000000 0.000000 1.000000
0.995083 0.044081 0.088689 0.000000 -0.054436 0.991526 0.117953 13.877400 -0.082738 -0.122201 0.989051 -4.354200 0.000000 0.000000 0.000000 1.000000
0.994901 0.046318 0.089590 0.000000 -0.056526 0.991757 0.114988 13.877400 -0.083525 -0.119466 0.989319 -4.354200 0.000000 0.000000 0.000000 1.000000
0.994824 0.048047 0.089534 0.000000 -0.058064 0.991913 0.112859 13.877400 -0.083388 -0.117474 0.989569 -4.354200 0.000000 0.000000 0.000000 1.000000
0.994989 0.048635 0.087359 0.000000 -0.058342 0.991967 0.112242 13.877400 -0.081199 -0.116776 0.989833 -4.354200 0.000000 0.000000 0.000000 1.000000
0.995133 0.049421 0.085248 0.000000 -0.058818 0.992022 0.111500 13.877400 -0.079057 -0.115971 0.990101 -4.354200 0.000000 0.000000 0.000000 1.000000
0.995391 0.049218 0.082311 -0.000000 -0.058156 0.992231 0.109979 13.877400 -0.076259 -0.114259 0.990520 -4.354200 0.000000 0.000000 0.000000 1.000000
0.995621 0.048854 0.079700 -0.000000 -0.057408 0.992402 0.108822 13.877400 -0.073778 -0.112921 0.990861 -4.354200 0.000000 0.000000 0.000000 1.000000
0.995686 0.048986 0.078800 -0.000000 -0.057485 0.992325 0.109479 13.877400 -0.072833 -0.113537 0.990861 -4.354200 0.000000 0.000000 0.000000 1.000000
0.995569 0.049609 0.079881 -0.000000 -0.058445 0.991946 0.112373 13.877400 -0.073662 -0.116544 0.990450 -4.354200 0.000000 0.000000 0.000000 1.000000
0.995312 0.050496 0.082488 0.000000 -0.059995 0.991310 0.117067 13.877400 -0.075859 -0.121468 0.989692 -4.354200 0.000000 0.000000 0.000000 1.000000
0.994962 0.051670 0.085912 0.000000 -0.062024 0.990517 0.122591 13.877400 -0.078763 -0.127302 0.988732 -4.354200 0.000000 0.000000 0.000000 1.000000
0.994568 0.053131 0.089512 0.000000 -0.064399 0.989668 0.128103 13.877400 -0.081781 -0.133172 0.987713 -4.354200 0.000000 0.000000 0.000000 1.000000
0.994183 0.054876 0.092673 0.000000 -0.066958 0.988884 0.132757 13.877400 -0.084357 -0.138190 0.986807 -4.354200 0.000000 0.000000 0.000000 1.000000
0.993868 0.057333 0.094549 0.000000 -0.069858 0.988382 0.134986 13.877400 -0.085711 -0.140764 0.986326 -4.354200 0.000000 0.000000 0.000000 1.000000
0.993575 0.060952 0.095363 -0.000000 -0.073506 0.988220 0.134229 13.877400 -0.086059 -0.140377 0.986351 -4.354200 0.000000 0.000000 0.000000 1.000000
0.993095 0.065923 0.097038 0.000000 -0.078323 0.988403 0.130093 13.877400 -0.087336 -0.136795 0.986742 -4.354200 0.000000 0.000000 0.000000 1.000000
0.992837 0.068510 0.097883 -0.000000 -0.080677 0.988705 0.126307 13.877400 -0.088124 -0.133299 0.987150 -4.354200 0.000000 0.000000 0.000000 1.000000
0.992687 0.069970 0.098372 -0.000000 -0.081949 0.988950 0.123537 13.877400 -0.088641 -0.130695 0.987452 -4.354200 0.000000 0.000000 0.000000 1.000000
0.992562 0.070604 0.099178 0.000000 -0.082446 0.989237 0.120880 13.877400 -0.089576 -0.128158 0.987700 -4.354200 0.000000 0.000000 0.000000 1.000000
0.992458 0.069925 0.100687 0.000000 -0.081346 0.990121 0.114206 13.877400 -0.091707 -0.121535 0.988342 -4.354200 0.000000 0.000000 0.000000 1.000000
0.992063 0.072099 0.103015 0.000000 -0.083486 0.990320 0.110886 13.877400 -0.094023 -0.118606 0.988480 -4.354200 0.000000 0.000000 0.000000 1.000000</float_array><technique_common><accessor source="#swat_Neck-Matrix-animation-output-transform-array" count="38" stride="16"><param type="float4x4"/></accessor></technique_common></source><source id="swat_Neck-Interpolations"><Name_array id="swat_Neck-Interpolations-array" count="38">
 LINEAR LINEAR LINEAR LINEAR LINEAR LINEAR LINEAR LINEAR LINEAR LINEAR LINEAR
LINEAR LINEAR LINEAR LINEAR LINEAR LINEAR LINEAR LINEAR LINEAR LINEAR LINEAR LINEAR
LINEAR LINEAR LINEAR LINEAR LINEAR LINEAR LINEAR LINEAR LINEAR LINEAR LINEAR LINEAR
LINEAR LINEAR LINEAR</Name_array><technique_common><accessor source="#swat_Neck-Interpolations-array" count="38"><param type="name"/></accessor></technique_common></source><sampler id="swat_Neck-Matrix-animation-transform"><input semantic="INPUT" source="#swat_Neck-Matrix-animation-input"/><input semantic="OUTPUT" source="#swat_Neck-Matrix-animation-output-transform"/><input semantic="INTERPOLATION" source="#swat_Neck-Interpolations"/></sampler><channel source="#swat_Neck-Matrix-animation-transform" target="swat_Neck/matrix"/></animation>
    <animation id="swat_Neck1-anim" name="swat_Neck1"><source id="swat_Neck1-Matrix-animation-input"><float_array id="swat_Neck1-Matrix-animation-input-array" count="38">

0.000000 0.033333 0.066667 0.100000 0.133333 0.166667 0.200000 0.233333 0.266667 0.300000 0.333333 0.366667 0.400000 0.433333 0.466667 0.500000
0.533333 0.566667 0.600000 0.633333 0.666667 0.700000 0.733333 0.766667 0.800000 0.833333 0.866667 0.900000 0.933333 0.966667 1.000000 1.033333
1.066667 1.100000 1.133333 1.166667 1.200000 1.233333</float_array><technique_common><accessor source="#swat_Neck1-Matrix-animation-input-array" count="38"><param name="TIME" type="float"/></accessor></technique_common></source><source id="swat_Neck1-Matrix-animation-output-transform"><float_array id="swat_Neck1-Matrix-animation-output-transform-array" count="608">

0.992060 0.072128 0.103031 0.000000 -0.083520 0.990314 0.110914 4.340000 -0.094033 -0.118638 0.988475 0.926900 0.000000 0.000000 0.000000 1.000000
0.992271 0.069178 0.103016 0.000000 -0.080376 0.990803 0.108851 4.340000 -0.094538 -0.116290 0.988706 0.926900 0.000000 0.000000 0.000000 1.000000
0.992103 0.070238 0.103912 0.000000 -0.081325 0.990968 0.106621 4.340000 -0.095485 -0.114229 0.988855 0.926900 0.000000 0.000000 0.000000 1.000000
0.992066 0.069700 0.104628 0.000000 -0.080602 0.991320 0.103866 4.340000 -0.096480 -0.111475 0.989073 0.926900 0.000000 0.000000 0.000000 1.000000
0.992100 0.068447 0.105127 -0.000000 -0.079416 0.991404 0.103974 4.340000 -0.097107 -0.111502 0.989008 0.926900 0.000000 0.000000 0.000000 1.000000
