<?xml version="1.0" encoding="utf-8"?>
<COLLADA xmlns="http://www.collada.org/2005/11/COLLADASchema" version="1.4.1">
  <asset><contributor><author>Mixamo</author><authoring_tool>COLLADA Mixamo exporter</authoring_tool><comments></comments></contributor><created>2018-06-07T18:30:46Z</created><modified>2018-06-07T18:30:46Z</modified><revision></revision><title></title><unit meter="0.010000"/><up_axis>Y_UP</up_axis></asset>
  <library_animations>
    <animation id="swat_Hips-anim" name="swat_Hips"><source id="swat_Hips-Matrix-animation-input"><float_array id="swat_Hips-Matrix-animation-input-array" count="251">

0.000000 0.033333 0.066667 0.100000 0.133333 0.166667 0.200000 0.233333 0.266667 0.300000 0.333333 0.366667 0.400000 0.433333 0.466667 0.500000
0.533333 0.566667 0.600000 0.633333 0.666667 0.700000 0.733333 0.766667 0.800000 0.833333 0.866667 0.900000 0.933333 0.966667 1.000000 1.033333
1.066667 1.100000 1.133333 1.166667 1.200000 1.233333 1.266667 1.300000 1.333333 1.366667 1.400000 1.433333 1.466667 1.500000 1.533333 1.566667
1.600000 1.633333 1.666667 1.700000 1.733333 1.766667 1.800000 1.833333 1.866667 1.900000 1.933333 1.966667 2.000000 2.033333 2.066667 2.100000
2.133333 2.166667 2.200000 2.233333 2.266667 2.300000 2.333333 2.366667 2.400000 2.433333 2.466667 2.500000 2.533333 2.566667 2.600000 2.633333
2.666667 2.700000 2.733333 2.766667 2.800000 2.833333 2.866667 2.900000 2.933333 2.966667 3.000000 3.033333 3.066667 3.100000 3.133333 3.166667
3.200000 3.233333 3.266667 3.300000 3.333333 3.366667 3.400000 3.433333 3.466667 3.500000 3.533333 3.566667 3.600000 3.633333 3.666667 3.700000
3.733333 3.766667 3.800000 3.833333 3.866667 3.900000 3.933333 3.966667 4.000000 4.033333 4.066667 4.100000 4.133333 4.166667 4.200000 4.233333
4.266667 4.300000 4.333333 4.366667 4.400000 4.433333 4.466667 4.500000 4.533333 4.566667 4.600000 4.633333 4.666667 4.700000 4.733333 4.766667
4.800000 4.833333 4.866667 4.900000 4.933333 4.966667 5.000000 5.033333 5.066667 5.100000 5.133333 5.166667 5.200000 5.233333 5.266667 5.300000
5.333333 5.366667 5.400000 5.433333 5.466667 5.500000 5.533333 5.566667 5.600000 5.633333 5.666667 5.700000 5.733333 5.766667 5.800000 5.833333
5.866667 5.900000 5.933333 5.966667 6.000000 6.033333 6.066667 6.100000 6.133333 6.166667 6.200000 6.233333 6.266667 6.300000 6.333333 6.366667
6.400000 6.433333 6.466667 6.500000 6.533333 6.566667 6.600000 6.633333 6.666667 6.700000 6.733333 6.766667 6.800000 6.833333 6.866667 6.900000
6.933333 6.966667 7.000000 7.033333 7.066667 7.100000 7.133333 7.166667 7.200000 7.233333 7.266667 7.300000 7.333333 7.366667 7.400000 7.433333
7.466667 7.500000 7.533333 7.566667 7.600000 7.633333 7.666667 7.700000 7.733333 7.766667 7.800000 7.833333 7.866667 7.900000 7.933333 7.966667
8.000000 8.033333 8.066667 8.100000 8.133333 8.166667 8.200000 8.233333 8.266667 8.300000 8.333333</float_array><technique_common><accessor source="#swat_Hips-Matrix-animation-input-array" count="251"><param name="TIME" type="float"/></accessor></technique_common></source><source id="swat_Hips-Matrix-animation-output-transform"><float_array id="swat_Hips-Matrix-animation-output-transform-array" count="4016">

0.994030 0.060064 -0.091087 0.025248 -0.054233 0.996398 0.065193 95.568100 0.094675 -0.059864 0.993707 0.011652 0.000000 0.000000 0.000000 1.000000
0.994032 0.060065 -0.091066 0.026124 -0.054265 0.996416 0.064884 95.568909 0.094637 -0.059555 0.993729 0.012530 0.000000 0.000000 0.000000 1.000000
0.994018 0.060062 -0.091220 0.027219 -0.054275 0.996431 0.064656 95.570534 0.094778 -0.059319 0.993730 0.017000 0.000000 0.000000 0.000000 1.000000
0.993999 0.060039 -0.091439 0.029004 -0.054255 0.996443 0.064483 95.572533 0.094985 -0.059135 0.993721 0.024018 0.000000 0.000000 0.000000 1.000000
0.993966 0.060046 -0.091790 0.030748 -0.054250 0.996449 0.064393 95.575134 0.095330 -0.059025 0.993694 0.032531 0.000000 0.000000 0.000000 1.000000
0.993911 0.060088 -0.092365 0.032044 -0.054261 0.996451 0.064352 95.578201 0.095904 -0.058948 0.993644 0.041582 0.000000 0.000000 0.000000 1.000000
0.993839 0.060130 -0.093109 0.033300 -0.054267 0.996456 0.064272 95.581039 0.096643 -0.058823 0.993579 0.050237 0.000000 0.000000 0.000000 1.000000
0.993765 0.060170 -0.093867 0.034633 -0.054274 0.996463 0.064156 95.582275 0.097395 -0.058662 0.993515 0.058282 0.000000 0.000000 0.000000 1.000000
0.993692 0.060234 -0.094590 0.035706 -0.054301 0.996465 0.064100 95.582085 0.098117 -0.058559 0.993451 0.066371 0.000000 0.000000 0.000000 1.000000
0.993616 0.060337 -0.095320 0.036709 -0.054360 0.996462 0.064100 95.583031 0.098851 -0.058510 0.993381 0.075092 0.000000 0.000000 0.000000 1.000000
0.993538 0.060466 -0.096048 0.038263 -0.054455 0.996462 0.064019 95.586525 0.099579 -0.058375 0.993316 0.083956 0.000000 0.000000 0.000000 1.000000
0.993463 0.060580 -0.096753 0.040304 -0.054552 0.996472 0.063780 95.590546 0.100276 -0.058085 0.993263 0.092162 0.000000 0.000000 0.000000 1.000000
0.993393 0.060647 -0.097429 0.041932 -0.054611 0.996489 0.063467 95.592018 0.100935 -0.057727 0.993217 0.099601 0.000000 0.000000 0.000000 1.000000
0.993330 0.060709 -0.098029 0.042548 -0.054667 0.996503 0.063194 95.591270 0.101522 -0.057413 0.993175 0.106597 0.000000 0.000000 0.000000 1.000000
0.993273 0.060818 -0.098540 0.041496 -0.054766 0.996510 0.063002 95.590149 0.102028 -0.057182 0.993137 0.113431 0.000000 0.000000 0.000000 1.000000
0.993215 0.060993 -0.099015 0.037726 -0.054929 0.996509 0.062863 95.589668 0.102503 -0.056998 0.993098 0.119807 0.000000 0.000000 0.000000 1.000000
0.993162 0.061197 -0.099422 0.031006 -0.055129 0.996510 0.062677 95.588844 0.102910 -0.056767 0.993069 0.125088 0.000000 0.000000 0.000000 1.000000
0.993128 0.061363 -0.099656 0.022669 -0.055316 0.996520 0.062353 95.587097 0.103136 -0.056412 0.993066 0.129728 0.000000 0.000000 0.000000 1.000000
0.993113 0.061471 -0.099742 0.014307 -0.055462 0.996538 0.061937 95.585327 0.103204 -0.055978 0.993084 0.135257 0.000000 0.000000 0.000000 1.000000
0.993099 0.061572 -0.099817 0.006280 -0.055599 0.996554 0.061560 95.584877 0.103263 -0.055585 0.993100 0.142245 0.000000 0.000000 0.000000 1.000000
0.993082 0.061693 -0.099913 -0.002319 -0.055744 0.996563 0.061282 95.585663 0.103350 -0.055288 0.993107 0.149963 0.000000 0.000000 0.000000 1.000000
0.993075 0.061790 -0.099916 -0.012139 -0.055871 0.996573 0.060997 95.586700 0.103343 -0.054992 0.993124 0.158354 0.000000 0.000000 0.000000 1.000000
0.993086 0.061812 -0.099800 -0.022770 -0.055944 0.996596 0.060557 95.586845 0.103203 -0.054555 0.993163 0.168078 0.000000 0.000000 0.000000 1.000000
0.993093 0.061786 -0.099740 -0.033062 -0.055980 0.996627 0.060001 95.586601 0.103111 -0.054003 0.993203 0.180002 0.000000 0.000000 0.000000 1.000000
0.993081 0.061776 -0.099868 -0.042351 -0.056013 0.996654 0.059521 95.588142 0.103211 -0.053516 0.993219 0.195261 0.000000 0.000000 0.000000 1.000000
0.993064 0.061726 -0.100072 -0.050584 -0.055983 0.996675 0.059210 95.591438 0.103394 -0.053197 0.993217 0.214090 0.000000 0.000000 0.000000 1.000000
0.993062 0.061574 -0.100186 -0.057756 -0.055844 0.996693 0.059023 95.594910 0.103489 -0.053019 0.993217 0.235103 0.000000 0.000000 0.000000 1.000000
0.993078 0.061323 -0.100176 -0.064399 -0.055602 0.996712 0.058945 95.595467 0.103462 -0.052967 0.993222 0.255959 0.000000 0.000000 0.000000 1.000000
0.993108 0.061048 -0.100051 -0.071458 -0.055325 0.996723 0.059013 95.593521 0.103325 -0.053071 0.993231 0.275723 0.000000 0.000000 0.000000 1.000000
0.993146 0.060791 -0.099827 -0.079956 -0.055058 0.996726 0.059210 95.592056 0.103099 -0.053308 0.993242 0.296137 0.000000 0.000000 0.000000 1.000000
0.993181 0.060563 -0.099620 -0.090780 -0.054810 0.996722 0.059505 95.592728 0.102897 -0.053639 0.993245 0.319827 0.000000 0.000000 0.000000 1.000000
0.993197 0.060376 -0.099570 -0.103952 -0.054584 0.996710 0.059912 95.594276 0.102860 -0.054069 0.993225 0.346954 0.000000 0.000000 0.000000 1.000000
0.993202 0.060229 -0.099613 -0.118097 -0.054382 0.996692 0.060403 95.595062 0.102921 -0.054576 0.993191 0.374560 0.000000 0.000000 0.000000 1.000000
0.993214 0.060094 -0.099568 -0.131411 -0.054198 0.996672 0.060897 95.594849 0.102896 -0.055088 0.993166 0.399763 0.000000 0.000000 0.000000 1.000000
0.993239 0.059955 -0.099403 -0.143643 -0.054019 0.996652 0.061370 95.594383 0.102750 -0.055585 0.993153 0.421637 0.000000 0.000000 0.000000 1.000000
0.993276 0.059781 -0.099138 -0.155333 -0.053809 0.996633 0.061864 95.593506 0.102502 -0.056113 0.993149 0.440025 0.000000 0.000000 0.000000 1.000000
0.993333 0.059554 -0.098703 -0.166587 -0.053549 0.996613 0.062415 95.592331 0.102086 -0.056713 0.993158 0.455281 0.000000 0.000000 0.000000 1.000000
0.993417 0.059257 -0.098032 -0.177204 -0.053232 0.996594 0.062975 95.591110 0.101430 -0.057342 0.993189 0.468189 0.000000 0.000000 0.000000 1.000000
0.993526 0.058869 -0.097160 -0.186707 -0.052843 0.996584 0.063473 95.590500 0.100565 -0.057928 0.993243 0.479070 0.000000 0.000000 0.000000 1.000000
0.993651 0.058400 -0.096166 -0.194704 -0.052389 0.996581 0.063887 95.590317 0.099568 -0.058443 0.993313 0.486801 0.000000 0.000000 0.000000 1.000000
0.993787 0.057916 -0.095046 -0.202021 -0.051937 0.996583 0.064220 95.589066 0.098441 -0.058884 0.993399 0.490195 0.000000 0.000000 0.000000 1.000000
0.993934 0.057493 -0.093753 -0.210698 -0.051565 0.996586 0.064478 95.585526 0.097140 -0.059253 0.993505 0.490102 0.000000 0.000000 0.000000 1.000000
0.994088 0.057127 -0.092338 -0.221394 -0.051261 0.996587 0.064698 95.580147 0.095718 -0.059582 0.993624 0.488175 0.000000 0.000000 0.000000 1.000000
0.994237 0.056770 -0.090941 -0.233115 -0.050964 0.996587 0.064943 95.574638 0.094317 -0.059934 0.993736 0.485279 0.000000 0.000000 0.000000 1.000000
0.994372 0.056414 -0.089677 -0.245728 -0.050657 0.996584 0.065228 95.570267 0.093051 -0.060318 0.993833 0.481521 0.000000 0.000000 0.000000 1.000000
0.994488 0.056088 -0.088583 -0.260083 -0.050374 0.996581 0.065484 95.566643 0.091953 -0.060661 0.993914 0.477335 0.000000 0.000000 0.000000 1.000000
0.994587 0.055793 -0.087654 -0.276357 -0.050117 0.996582 0.065677 95.562935 0.091019 -0.060929 0.993984 0.474146 0.000000 0.000000 0.000000 1.000000
0.994669 0.055522 -0.086901 -0.293879 -0.049874 0.996582 0.065859 95.560013 0.090261 -0.061174 0.994038 0.472940 0.000000 0.000000 0.000000 1.000000
0.994731 0.055284 -0.086335 -0.312936 -0.049653 0.996579 0.066060 95.558701 0.089692 -0.061425 0.994074 0.473036 0.000000 0.000000 0.000000 1.000000
0.994778 0.055088 -0.085915 -0.333755 -0.049468 0.996577 0.066230 95.557854 0.089269 -0.061634 0.994099 0.473256 0.000000 0.000000 0.000000 1.000000
0.994816 0.054929 -0.085578 -0.354608 -0.049324 0.996581 0.066288 95.556686 0.088926 -0.061724 0.994124 0.473359 0.000000 0.000000 0.000000 1.000000
0.994844 0.054777 -0.085351 -0.373386 -0.049191 0.996591 0.066229 95.555573 0.088688 -0.061689 0.994147 0.474345 0.000000 0.000000 0.000000 1.000000
0.994854 0.054616 -0.085341 -0.390153 -0.049037 0.996604 0.066151 95.554985 0.088664 -0.061626 0.994153 0.477459 0.000000 0.000000 0.000000 1.000000
0.994841 0.054459 -0.085590 -0.405386 -0.048866 0.996613 0.066137 95.555298 0.088902 -0.061614 0.994133 0.483407 0.000000 0.000000 0.000000 1.000000
0.994814 0.054309 -0.085994 -0.418291 -0.048685 0.996618 0.066194 95.556572 0.089298 -0.061664 0.994094 0.491882 0.000000 0.000000 0.000000 1.000000
0.994787 0.054153 -0.086402 -0.428506 -0.048495 0.996621 0.066294 95.558189 0.089700 -0.061758 0.994052 0.501608 0.000000 0.000000 0.000000 1.000000
0.994765 0.053989 -0.086762 -0.436978 -0.048297 0.996622 0.066415 95.559624 0.090055 -0.061877 0.994013 0.511378 0.000000 0.000000 0.000000 1.000000
0.994742 0.053832 -0.087118 -0.444367 -0.048103 0.996621 0.066572 95.560547 0.090408 -0.062031 0.993971 0.521263 0.000000 0.000000 0.000000 1.000000
0.994715 0.053702 -0.087512 -0.450083 -0.047929 0.996616 0.066779 95.560898 0.090802 -0.062232 0.993923 0.531690 0.000000 0.000000 0.000000 1.000000
0.994680 0.053611 -0.087966 -0.454179 -0.047788 0.996607 0.067018 95.560883 0.091261 -0.062458 0.993866 0.542130 0.000000 0.000000 0.000000 1.000000
0.994637 0.053551 -0.088487 -0.457592 -0.047672 0.996595 0.067273 95.560616 0.091788 -0.062694 0.993803 0.552018 0.000000 0.000000 0.000000 1.000000
0.994593 0.053512 -0.088999 -0.461124 -0.047576 0.996582 0.067542 95.559708 0.092309 -0.062942 0.993739 0.561451 0.000000 0.000000 0.000000 1.000000
0.994557 0.053515 -0.089400 -0.464949 -0.047527 0.996565 0.067818 95.558296 0.092722 -0.063200 0.993684 0.570895 0.000000 0.000000 0.000000 1.000000
0.994526 0.053570 -0.089716 -0.468213 -0.047535 0.996545 0.068110 95.557175 0.093055 -0.063473 0.993636 0.580285 0.000000 0.000000 0.000000 1.000000
0.994490 0.053651 -0.090065 -0.469423 -0.047562 0.996521 0.068435 95.556686 0.093423 -0.063775 0.993582 0.588448 0.000000 0.000000 0.000000 1.000000
0.994455 0.053744 -0.090397 -0.468504 -0.047599 0.996493 0.068813 95.556717 0.093779 -0.064128 0.993526 0.595413 0.000000 0.000000 0.000000 1.000000
0.994436 0.053871 -0.090531 -0.466889 -0.047676 0.996459 0.069252 95.557007 0.093941 -0.064551 0.993483 0.603061 0.000000 0.000000 0.000000 1.000000
0.994437 0.054031 -0.090422 -0.465599 -0.047798 0.996420 0.069735 95.556633 0.093866 -0.065025 0.993459 0.611725 0.000000 0.000000 0.000000 1.000000
0.994448 0.054194 -0.090204 -0.464083 -0.047930 0.996379 0.070221 95.555000 0.093683 -0.065508 0.993445 0.619265 0.000000 0.000000 0.000000 1.000000
0.994461 0.054337 -0.089974 -0.461974 -0.048045 0.996341 0.070688 95.552818 0.093486 -0.065973 0.993432 0.624435 0.000000 0.000000 0.000000 1.000000
0.994482 0.054461 -0.089662 -0.460377 -0.048146 0.996303 0.071149 95.550507 0.093205 -0.066439 0.993428 0.628499 0.000000 0.000000 0.000000 1.000000
0.994523 0.054576 -0.089134 -0.460893 -0.048250 0.996262 0.071645 95.547363 0.092711 -0.066952 0.993440 0.633574 0.000000 0.000000 0.000000 1.000000
0.994585 0.054669 -0.088388 -0.463303 -0.048342 0.996217 0.072211 95.542915 0.092002 -0.067547 0.993465 0.639938 0.000000 0.000000 0.000000 1.000000
0.994655 0.054724 -0.087555 -0.465908 -0.048394 0.996168 0.072851 95.537476 0.091206 -0.068225 0.993492 0.645847 0.000000 0.000000 0.000000 1.000000
0.994729 0.054741 -0.086704 -0.468932 -0.048409 0.996118 0.073522 95.531593 0.090392 -0.068937 0.993517 0.650185 0.000000 0.000000 0.000000 1.000000
0.994808 0.054738 -0.085799 -0.474423 -0.048413 0.996071 0.074153 95.525558 0.089521 -0.069614 0.993549 0.653749 0.000000 0.000000 0.000000 1.000000
0.994892 0.054721 -0.084824 -0.483516 -0.048414 0.996029 0.074710 95.519333 0.088576 -0.070222 0.993591 0.657630 0.000000 0.000000 0.000000 1.000000
0.994984 0.054672 -0.083778 -0.496551 -0.048397 0.995995 0.075180 95.513153 0.087553 -0.070748 0.993644 0.662795 0.000000 0.000000 0.000000 1.000000
0.995083 0.054575 -0.082657 -0.513057 -0.048350 0.995971 0.075523 95.508461 0.086446 -0.071155 0.993712 0.670280 0.000000 0.000000 0.000000 1.000000
0.995180 0.054451 -0.081553 -0.531001 -0.048290 0.995960 0.075712 95.506706 0.085346 -0.071409 0.993789 0.679988 0.000000 0.000000 0.000000 1.000000
0.995262 0.054346 -0.080620 -0.549234 -0.048244 0.995955 0.075798 95.506821 0.084413 -0.071550 0.993859 0.691161 0.000000 0.000000 0.000000 1.000000
0.995319 0.054262 -0.079971 -0.567337 -0.048199 0.995951 0.075889 95.507103 0.083765 -0.071679 0.993904 0.703993 0.000000 0.000000 0.000000 1.000000
0.995355 0.054147 -0.079599 -0.584706 -0.048097 0.995943 0.076054 95.506897 0.083394 -0.071872 0.993921 0.718858 0.000000 0.000000 0.000000 1.000000
0.995382 0.053967 -0.079391 -0.601851 -0.047912 0.995934 0.076285 95.506363 0.083185 -0.072128 0.993920 0.735367 0.000000 0.000000 0.000000 1.000000
0.995407 0.053752 -0.079220 -0.621049 -0.047689 0.995925 0.076540 95.505508 0.083012 -0.072411 0.993914 0.753191 0.000000 0.000000 0.000000 1.000000
0.995434 0.053575 -0.079000 -0.643937 -0.047507 0.995915 0.076783 95.504845 0.082791 -0.072679 0.993913 0.772328 0.000000 0.000000 0.000000 1.000000
0.995462 0.053438 -0.078735 -0.668895 -0.047373 0.995906 0.076987 95.504211 0.082527 -0.072908 0.993918 0.792215 0.000000 0.000000 0.000000 1.000000
0.995486 0.053284 -0.078534 -0.691970 -0.047219 0.995900 0.077159 95.503716 0.082324 -0.073102 0.993921 0.811911 0.000000 0.000000 0.000000 1.000000
0.995500 0.053085 -0.078496 -0.711081 -0.047009 0.995897 0.077325 95.504219 0.082279 -0.073287 0.993911 0.831543 0.000000 0.000000 0.000000 1.000000
0.995501 0.052875 -0.078623 -0.727542 -0.046777 0.995896 0.077480 95.506401 0.082397 -0.073454 0.993889 0.852060 0.000000 0.000000 0.000000 1.000000
0.995492 0.052687 -0.078860 -0.742976 -0.046561 0.995897 0.077603 95.509598 0.082625 -0.073581 0.993861 0.872867 0.000000 0.000000 0.000000 1.000000
0.995477 0.052499 -0.079180 -0.756054 -0.046338 0.995896 0.077742 95.511780 0.082937 -0.073721 0.993824 0.890696 0.000000 0.000000 0.000000 1.000000
0.995458 0.052288 -0.079559 -0.764876 -0.046077 0.995888 0.077995 95.512138 0.083310 -0.073975 0.993774 0.902626 0.000000 0.000000 0.000000 1.000000
0.995441 0.052093 -0.079899 -0.770279 -0.045824 0.995870 0.078374 95.512184 0.083652 -0.074355 0.993717 0.909041 0.000000 0.000000 0.000000 1.000000
0.995429 0.051944 -0.080143 -0.773422 -0.045626 0.995850 0.078752 95.514244 0.083901 -0.074735 0.993668 0.911475 0.000000 0.000000 0.000000 1.000000
0.995420 0.051794 -0.080349 -0.772890 -0.045444 0.995843 0.078942 95.518845 0.084104 -0.074929 0.993636 0.910315 0.000000 0.000000 0.000000 1.000000
0.995412 0.051582 -0.080581 -0.766815 -0.045221 0.995859 0.078860 95.524010 0.084315 -0.074854 0.993624 0.905291 0.000000 0.000000 0.000000 1.000000
0.995406 0.051309 -0.080834 -0.755743 -0.044953 0.995894 0.078577 95.527557 0.084534 -0.074583 0.993625 0.895575 0.000000 0.000000 0.000000 1.000000
0.995401 0.051024 -0.081074 -0.742364 -0.044681 0.995935 0.078209 95.529243 0.084735 -0.074227 0.993635 0.880761 0.000000 0.000000 0.000000 1.000000
0.995398 0.050765 -0.081271 -0.729027 -0.044441 0.995977 0.077813 95.530525 0.084895 -0.073843 0.993650 0.862490 0.000000 0.000000 0.000000 1.000000
0.995397 0.050539 -0.081430 -0.716162 -0.044237 0.996017 0.077422 95.532631 0.085018 -0.073463 0.993667 0.842798 0.000000 0.000000 0.000000 1.000000
0.995393 0.050338 -0.081601 -0.702858 -0.044052 0.996051 0.077084 95.535164 0.085159 -0.073134 0.993680 0.822548 0.000000 0.000000 0.000000 1.000000
0.995385 0.050153 -0.081811 -0.688176 -0.043874 0.996080 0.076815 95.537888 0.085343 -0.072871 0.993683 0.802684 0.000000 0.000000 0.000000 1.000000
0.995375 0.049978 -0.082043 -0.671932 -0.043705 0.996107 0.076556 95.541306 0.085549 -0.072616 0.993684 0.784445 0.000000 0.000000 0.000000 1.000000
0.995362 0.049835 -0.082289 -0.655000 -0.043570 0.996136 0.076250 95.545624 0.085771 -0.072311 0.993687 0.767698 0.000000 0.000000 0.000000 1.000000
0.995342 0.049756 -0.082572 -0.638894 -0.043501 0.996167 0.075893 95.549759 0.086031 -0.071948 0.993691 0.750689 0.000000 0.000000 0.000000 1.000000
0.995316 0.049720 -0.082905 -0.624249 -0.043476 0.996199 0.075487 95.552872 0.086343 -0.071529 0.993694 0.732840 0.000000 0.000000 0.000000 1.000000
0.995289 0.049659 -0.083270 -0.609880 -0.043432 0.996238 0.074994 95.556129 0.086681 -0.071024 0.993701 0.716101 0.000000 0.000000 0.000000 1.000000
0.995262 0.049572 -0.083641 -0.593921 -0.043371 0.996285 0.074394 95.561127 0.087018 -0.070414 0.993715 0.701830 0.000000 0.000000 0.000000 1.000000
0.995234 0.049531 -0.084002 -0.576423 -0.043362 0.996334 0.073740 95.566841 0.087347 -0.069746 0.993733 0.688840 0.000000 0.000000 0.000000 1.000000
0.995204 0.049560 -0.084343 -0.558764 -0.043422 0.996378 0.073117 95.572273 0.087661 -0.069104 0.993751 0.677142 0.000000 0.000000 0.000000 1.000000
0.995174 0.049578 -0.084682 -0.540881 -0.043462 0.996414 0.072598 95.578568 0.087978 -0.068567 0.993760 0.670297 0.000000 0.000000 0.000000 1.000000
0.995143 0.049495 -0.085086 -0.521396 -0.043383 0.996443 0.072241 95.586510 0.088359 -0.068199 0.993751 0.670387 0.000000 0.000000 0.000000 1.000000
0.995108 0.049338 -0.085585 -0.500601 -0.043206 0.996463 0.072080 95.594215 0.088839 -0.068030 0.993720 0.674329 0.000000 0.000000 0.000000 1.000000
0.995070 0.049217 -0.086099 -0.481011 -0.043047 0.996467 0.072112 95.599686 0.089344 -0.068050 0.993673 0.677871 0.000000 0.000000 0.000000 1.000000
0.995038 0.049189 -0.086487 -0.464971 -0.042976 0.996457 0.072291 95.602997 0.089737 -0.068216 0.993627 0.680331 0.000000 0.000000 0.000000 1.000000
0.995019 0.049206 -0.086690 -0.452265 -0.042957 0.996440 0.072534 95.605560 0.089950 -0.068449 0.993591 0.683854 0.000000 0.000000 0.000000 1.000000
0.995012 0.049196 -0.086784 -0.440731 -0.042919 0.996424 0.072776 95.608017 0.090054 -0.068688 0.993565 0.689561 0.000000 0.000000 0.000000 1.000000
0.995004 0.049149 -0.086897 -0.428824 -0.042841 0.996410 0.073017 95.610687 0.090174 -0.068929 0.993538 0.696542 0.000000 0.000000 0.000000 1.000000
0.994990 0.049109 -0.087086 -0.416946 -0.042767 0.996396 0.073255 95.613930 0.090370 -0.069164 0.993504 0.703493 0.000000 0.000000 0.000000 1.000000
0.994970 0.049119 -0.087302 -0.406588 -0.042745 0.996383 0.073444 95.617203 0.090594 -0.069342 0.993471 0.709025 0.000000 0.000000 0.000000 1.000000
0.994953 0.049170 -0.087464 -0.398552 -0.042776 0.996375 0.073531 95.619080 0.090763 -0.069418 0.993450 0.711685 0.000000 0.000000 0.000000 1.000000
0.994942 0.049226 -0.087558 -0.391824 -0.042828 0.996374 0.073512 95.619774 0.090859 -0.069390 0.993443 0.711428 0.000000 0.000000 0.000000 1.000000
0.994934 0.049278 -0.087622 -0.385169 -0.042883 0.996378 0.073423 95.621346 0.090922 -0.069294 0.993444 0.709846 0.000000 0.000000 0.000000 1.000000
0.994927 0.049345 -0.087664 -0.379039 -0.042957 0.996383 0.073315 95.624001 0.090965 -0.069177 0.993448 0.708128 0.000000 0.000000 0.000000 1.000000
0.994924 0.049439 -0.087653 -0.374413 -0.043061 0.996386 0.073214 95.626816 0.090956 -0.069068 0.993457 0.706700 0.000000 0.000000 0.000000 1.000000
0.994923 0.049543 -0.087605 -0.371271 -0.043179 0.996389 0.073102 95.629654 0.090910 -0.068948 0.993469 0.706267 0.000000 0.000000 0.000000 1.000000
0.994918 0.049639 -0.087598 -0.368960 -0.043291 0.996397 0.072936 95.632339 0.090903 -0.068773 0.993482 0.707011 0.000000 0.000000 0.000000 1.000000
0.994907 0.049744 -0.087666 -0.367389 -0.043411 0.996407 0.072720 95.633354 0.090968 -0.068544 0.993492 0.707908 0.000000 0.000000 0.000000 1.000000
0.994893 0.049890 -0.087744 -0.367193 -0.043570 0.996415 0.072519 95.631386 0.091047 -0.068326 0.993500 0.707748 0.000000 0.000000 0.000000 1.000000
0.994883 0.050074 -0.087747 -0.369322 -0.043767 0.996416 0.072379 95.627411 0.091057 -0.068168 0.993510 0.706609 0.000000 0.000000 0.000000 1.000000
0.994882 0.050269 -0.087654 -0.374418 -0.043978 0.996414 0.072287 95.623314 0.090974 -0.068062 0.993525 0.705614 0.000000 0.000000 0.000000 1.000000
0.994885 0.050461 -0.087510 -0.381564 -0.044184 0.996408 0.072239 95.620155 0.090841 -0.068003 0.993541 0.706127 0.000000 0.000000 0.000000 1.000000
0.994887 0.050643 -0.087382 -0.388885 -0.044376 0.996401 0.072226 95.617584 0.090726 -0.067979 0.993553 0.708632 0.000000 0.000000 0.000000 1.000000
0.994883 0.050809 -0.087325 -0.395860 -0.044550 0.996395 0.072192 95.615036 0.090678 -0.067932 0.993561 0.712767 0.000000 0.000000 0.000000 1.000000
0.994873 0.050954 -0.087355 -0.403997 -0.044703 0.996396 0.072084 95.611702 0.090713 -0.067810 0.993566 0.717607 0.000000 0.000000 0.000000 1.000000
0.994857 0.051081 -0.087462 -0.414544 -0.044841 0.996405 0.071883 95.606766 0.090819 -0.067591 0.993571 0.721423 0.000000 0.000000 0.000000 1.000000
0.994835 0.051225 -0.087627 -0.426865 -0.045002 0.996419 0.071575 95.601692 0.090980 -0.067262 0.993579 0.723398 0.000000 0.000000 0.000000 1.000000
0.994806 0.051414 -0.087846 -0.438935 -0.045212 0.996437 0.071192 95.599289 0.091193 -0.066851 0.993587 0.725190 0.000000 0.000000 0.000000 1.000000
0.994768 0.051633 -0.088150 -0.449845 -0.045448 0.996455 0.070791 95.600235 0.091492 -0.066415 0.993589 0.729266 0.000000 0.000000 0.000000 1.000000
0.994722 0.051829 -0.088553 -0.460262 -0.045654 0.996474 0.070388 95.601768 0.091889 -0.065974 0.993581 0.735987 0.000000 0.000000 0.000000 1.000000
0.994674 0.051959 -0.089017 -0.469960 -0.045792 0.996497 0.069976 95.600998 0.092341 -0.065527 0.993569 0.743593 0.000000 0.000000 0.000000 1.000000
0.994628 0.052042 -0.089477 -0.478320 -0.045879 0.996519 0.069602 95.598488 0.092787 -0.065123 0.993554 0.751141 0.000000 0.000000 0.000000 1.000000
0.994589 0.052108 -0.089871 -0.486141 -0.045946 0.996536 0.069320 95.596199 0.093172 -0.064815 0.993538 0.759436 0.000000 0.000000 0.000000 1.000000
0.994559 0.052160 -0.090181 -0.493985 -0.045999 0.996549 0.069093 95.594948 0.093473 -0.064569 0.993526 0.769094 0.000000 0.000000 0.000000 1.000000
0.994533 0.052175 -0.090459 -0.501243 -0.046021 0.996567 0.068828 95.594681 0.093740 -0.064288 0.993519 0.779813 0.000000 0.000000 0.000000 1.000000
0.994504 0.052133 -0.090791 -0.507294 -0.045990 0.996591 0.068487 95.595108 0.094052 -0.063935 0.993512 0.791401 0.000000 0.000000 0.000000 1.000000
0.994471 0.052045 -0.091211 -0.512157 -0.045910 0.996621 0.068111 95.595940 0.094448 -0.063547 0.993500 0.803622 0.000000 0.000000 0.000000 1.000000
0.994434 0.051941 -0.091664 -0.516214 -0.045813 0.996651 0.067737 95.596664 0.094875 -0.063161 0.993483 0.815293 0.000000 0.000000 0.000000 1.000000
0.994403 0.051860 -0.092048 -0.520140 -0.045744 0.996680 0.067357 95.597382 0.095236 -0.062769 0.993474 0.824987 0.000000 0.000000 0.000000 1.000000
0.994381 0.051812 -0.092314 -0.524785 -0.045719 0.996709 0.066942 95.598038 0.095479 -0.062345 0.993477 0.832677 0.000000 0.000000 0.000000 1.000000
0.994366 0.051769 -0.092505 -0.530109 -0.045708 0.996740 0.066486 95.597694 0.095645 -0.061883 0.993490 0.839979 0.000000 0.000000 0.000000 1.000000
0.994350 0.051697 -0.092709 -0.534379 -0.045664 0.996770 0.066058 95.596962 0.095824 -0.061451 0.993500 0.848934 0.000000 0.000000 0.000000 1.000000
0.994331 0.051601 -0.092969 -0.535871 -0.045583 0.996795 0.065740 95.597946 0.096064 -0.061130 0.993496 0.860217 0.000000 0.000000 0.000000 1.000000
0.994307 0.051522 -0.093264 -0.535062 -0.045504 0.996812 0.065542 95.600990 0.096344 -0.060925 0.993482 0.872283 0.000000 0.000000 0.000000 1.000000
0.994282 0.051480 -0.093562 -0.533800 -0.045454 0.996821 0.065437 95.603416 0.096633 -0.060810 0.993461 0.883306 0.000000 0.000000 0.000000 1.000000
0.994258 0.051446 -0.093833 -0.532840 -0.045402 0.996823 0.065442 95.603500 0.096901 -0.060806 0.993435 0.893646 0.000000 0.000000 0.000000 1.000000
0.994242 0.051398 -0.094029 -0.532143 -0.045328 0.996817 0.065590 95.601860 0.097101 -0.060950 0.993406 0.904198 0.000000 0.000000 0.000000 1.000000
0.994235 0.051361 -0.094126 -0.532108 -0.045259 0.996802 0.065851 95.599625 0.097208 -0.061211 0.993380 0.914288 0.000000 0.000000 0.000000 1.000000
0.994229 0.051380 -0.094175 -0.532769 -0.045244 0.996782 0.066170 95.598068 0.097272 -0.061527 0.993354 0.923604 0.000000 0.000000 0.000000 1.000000
0.994219 0.051480 -0.094230 -0.533974 -0.045306 0.996756 0.066519 95.598404 0.097348 -0.061866 0.993326 0.933106 0.000000 0.000000 0.000000 1.000000
0.994205 0.051653 -0.094274 -0.536385 -0.045443 0.996726 0.066872 95.599365 0.097420 -0.062200 0.993298 0.942592 0.000000 0.000000 0.000000 1.000000
0.994196 0.051876 -0.094246 -0.540660 -0.045635 0.996694 0.067215 95.598160 0.097421 -0.062524 0.993277 0.950366 0.000000 0.000000 0.000000 1.000000
0.994192 0.052129 -0.094156 -0.545326 -0.045856 0.996658 0.067606 95.593925 0.097366 -0.062896 0.993259 0.954447 0.000000 0.000000 0.000000 1.000000
0.994182 0.052393 -0.094110 -0.547291 -0.046077 0.996616 0.068076 95.588280 0.097359 -0.063344 0.993232 0.953164 0.000000 0.000000 0.000000 1.000000
0.994170 0.052637 -0.094103 -0.545783 -0.046278 0.996575 0.068525 95.582397 0.097388 -0.063771 0.993201 0.946454 0.000000 0.000000 0.000000 1.000000
0.994175 0.052853 -0.093931 -0.545017 -0.046473 0.996543 0.068863 95.575439 0.097246 -0.064097 0.993194 0.937753 0.000000 0.000000 0.000000 1.000000
0.994203 0.053062 -0.093512 -0.548211 -0.046681 0.996513 0.069156 95.567772 0.096856 -0.064390 0.993213 0.932079 0.000000 0.000000 0.000000 1.000000
0.994235 0.053259 -0.093063 -0.552599 -0.046871 0.996478 0.069528 95.561378 0.096438 -0.064765 0.993230 0.931653 0.000000 0.000000 0.000000 1.000000
0.994253 0.053419 -0.092781 -0.554502 -0.047001 0.996436 0.070042 95.556702 0.096192 -0.065279 0.993220 0.935863 0.000000 0.000000 0.000000 1.000000
0.994259 0.053552 -0.092633 -0.553915 -0.047076 0.996384 0.070735 95.551910 0.096086 -0.065968 0.993185 0.942897 0.000000 0.000000 0.000000 1.000000
0.994267 0.053691 -0.092469 -0.553337 -0.047143 0.996319 0.071599 95.545273 0.095973 -0.066829 0.993138 0.950753 0.000000 0.000000 0.000000 1.000000
0.994286 0.053838 -0.092181 -0.555086 -0.047218 0.996246 0.072555 95.536469 0.095741 -0.067788 0.993095 0.957738 0.000000 0.000000 0.000000 1.000000
0.994318 0.053988 -0.091749 -0.560413 -0.047303 0.996170 0.073534 95.525879 0.095367 -0.068776 0.993063 0.962525 0.000000 0.000000 0.000000 1.000000
0.994357 0.054171 -0.091213 -0.569650 -0.047431 0.996092 0.074502 95.515129 0.094892 -0.069755 0.993041 0.965020 0.000000 0.000000 0.000000 1.000000
0.994399 0.054384 -0.090622 -0.582268 -0.047604 0.996019 0.075363 95.506836 0.094360 -0.070626 0.993030 0.967188 0.000000 0.000000 0.000000 1.000000
0.994448 0.054546 -0.089993 -0.597082 -0.047754 0.995966 0.075972 95.502533 0.093773 -0.071253 0.993041 0.970826 0.000000 0.000000 0.000000 1.000000
0.994504 0.054592 -0.089344 -0.612482 -0.047815 0.995937 0.076311 95.501167 0.093147 -0.071619 0.993073 0.974147 0.000000 0.000000 0.000000 1.000000
0.994558 0.054539 -0.088765 -0.626410 -0.047788 0.995926 0.076473 95.500687 0.092574 -0.071815 0.993113 0.972792 0.000000 0.000000 0.000000 1.000000
0.994603 0.054451 -0.088318 -0.637900 -0.047729 0.995925 0.076515 95.499817 0.092125 -0.071887 0.993149 0.964803 0.000000 0.000000 0.000000 1.000000
0.994642 0.054397 -0.087908 -0.649002 -0.047710 0.995931 0.076451 95.498070 0.091709 -0.071848 0.993190 0.953248 0.000000 0.000000 0.000000 1.000000
0.994683 0.054374 -0.087462 -0.661339 -0.047732 0.995940 0.076320 95.495789 0.091256 -0.071739 0.993240 0.942236 0.000000 0.000000 0.000000 1.000000
0.994715 0.054302 -0.087138 -0.671795 -0.047697 0.995953 0.076175 95.494553 0.090922 -0.071616 0.993280 0.932201 0.000000 0.000000 0.000000 1.000000
0.994730 0.054136 -0.087069 -0.677229 -0.047548 0.995970 0.076047 95.495674 0.090835 -0.071506 0.993295 0.922011 0.000000 0.000000 0.000000 1.000000
0.994734 0.053920 -0.087164 -0.678684 -0.047335 0.995989 0.075924 95.498322 0.090908 -0.071398 0.993297 0.910731 0.000000 0.000000 0.000000 1.000000
0.994736 0.053717 -0.087258 -0.678901 -0.047140 0.996011 0.075763 95.500427 0.090980 -0.071251 0.993301 0.897364 0.000000 0.000000 0.000000 1.000000
0.994740 0.053559 -0.087311 -0.678840 -0.046998 0.996034 0.075547 95.501007 0.091011 -0.071046 0.993312 0.882112 0.000000 0.000000 0.000000 1.000000
0.994739 0.053452 -0.087395 -0.677623 -0.046905 0.996055 0.075325 95.500839 0.091077 -0.070830 0.993322 0.866673 0.000000 0.000000 0.000000 1.000000
0.994729 0.053380 -0.087552 -0.674601 -0.046835 0.996070 0.075173 95.501091 0.091220 -0.070676 0.993320 0.852088 0.000000 0.000000 0.000000 1.000000
0.994716 0.053312 -0.087742 -0.670450 -0.046762 0.996080 0.075082 95.502312 0.091400 -0.070582 0.993310 0.837901 0.000000 0.000000 0.000000 1.000000
0.994705 0.053244 -0.087906 -0.665998 -0.046693 0.996092 0.074969 95.504196 0.091554 -0.070468 0.993304 0.823557 0.000000 0.000000 0.000000 1.000000
0.994695 0.053197 -0.088049 -0.660980 -0.046651 0.996107 0.074802 95.505615 0.091686 -0.070298 0.993304 0.808608 0.000000 0.000000 0.000000 1.000000
0.994681 0.053195 -0.088208 -0.653579 -0.046651 0.996117 0.074658 95.505447 0.091837 -0.070146 0.993300 0.791367 0.000000 0.000000 0.000000 1.000000
0.994666 0.053255 -0.088333 -0.642770 -0.046707 0.996119 0.074605 95.503654 0.091963 -0.070082 0.993293 0.769546 0.000000 0.000000 0.000000 1.000000
0.994663 0.053375 -0.088300 -0.630252 -0.046834 0.996116 0.074561 95.501694 0.091936 -0.070028 0.993299 0.742487 0.000000 0.000000 0.000000 1.000000
0.994675 0.053534 -0.088066 -0.618678 -0.047025 0.996119 0.074398 95.500732 0.091707 -0.069860 0.993332 0.710831 0.000000 0.000000 0.000000 1.000000
0.994691 0.053737 -0.087761 -0.607651 -0.047275 0.996128 0.074122 95.500458 0.091404 -0.069580 0.993380 0.675359 0.000000 0.000000 0.000000 1.000000
0.994691 0.054000 -0.087595 -0.593762 -0.047576 0.996134 0.073843 95.500854 0.091243 -0.069284 0.993416 0.637692 0.000000 0.000000 0.000000 1.000000
0.994667 0.054275 -0.087707 -0.573252 -0.047864 0.996138 0.073613 95.503212 0.091364 -0.069022 0.993423 0.599782 0.000000 0.000000 0.000000 1.000000
0.994620 0.054466 -0.088112 -0.545742 -0.048047 0.996145 0.073392 95.507774 0.091770 -0.068764 0.993403 0.561895 0.000000 0.000000 0.000000 1.000000
0.994566 0.054558 -0.088670 -0.515429 -0.048122 0.996158 0.073166 95.512695 0.092321 -0.068501 0.993370 0.523731 0.000000 0.000000 0.000000 1.000000
0.994517 0.054636 -0.089167 -0.487268 -0.048183 0.996168 0.072991 95.516037 0.092813 -0.068295 0.993339 0.486521 0.000000 0.000000 0.000000 1.000000
0.994480 0.054775 -0.089491 -0.462674 -0.048310 0.996170 0.072880 95.517220 0.093140 -0.068155 0.993318 0.451272 0.000000 0.000000 0.000000 1.000000
0.994451 0.054966 -0.089694 -0.439959 -0.048500 0.996171 0.072740 95.516991 0.093349 -0.067986 0.993310 0.416847 0.000000 0.000000 0.000000 1.000000
0.994426 0.055165 -0.089851 -0.418346 -0.048714 0.996180 0.072472 95.516525 0.093506 -0.067691 0.993315 0.382423 0.000000 0.000000 0.000000 1.000000
0.994402 0.055346 -0.090004 -0.397778 -0.048922 0.996199 0.072070 95.517326 0.093651 -0.067263 0.993330 0.348988 0.000000 0.000000 0.000000 1.000000
0.994376 0.055502 -0.090198 -0.377676 -0.049110 0.996223 0.071611 95.520203 0.093832 -0.066778 0.993346 0.317714 0.000000 0.000000 0.000000 1.000000
0.994343 0.055636 -0.090476 -0.357384 -0.049264 0.996245 0.071199 95.524292 0.094098 -0.066339 0.993350 0.288265 0.000000 0.000000 0.000000 1.000000
0.994303 0.055757 -0.090846 -0.336573 -0.049390 0.996261 0.070889 95.528107 0.094459 -0.065998 0.993339 0.258927 0.000000 0.000000 0.000000 1.000000
0.994256 0.055889 -0.091273 -0.315388 -0.049519 0.996273 0.070629 95.531433 0.094880 -0.065704 0.993318 0.228160 0.000000 0.000000 0.000000 1.000000
0.994206 0.056054 -0.091717 -0.294110 -0.049687 0.996288 0.070292 95.535172 0.095316 -0.065328 0.993301 0.196251 0.000000 0.000000 0.000000 1.000000
0.994155 0.056224 -0.092166 -0.272471 -0.049876 0.996314 0.069791 95.539452 0.095750 -0.064786 0.993295 0.164894 0.000000 0.000000 0.000000 1.000000
0.994105 0.056339 -0.092636 -0.249338 -0.050022 0.996351 0.069155 95.544769 0.096194 -0.064114 0.993296 0.135433 0.000000 0.000000 0.000000 1.000000
0.994058 0.056376 -0.093119 -0.223913 -0.050094 0.996394 0.068479 95.551918 0.096644 -0.063407 0.993297 0.108461 0.000000 0.000000 0.000000 1.000000
0.994015 0.056380 -0.093575 -0.196601 -0.050131 0.996436 0.067844 95.560814 0.097067 -0.062747 0.993298 0.084317 0.000000 0.000000 0.000000 1.000000
0.993976 0.056400 -0.093967 -0.168797 -0.050178 0.996469 0.067315 95.569832 0.097432 -0.062195 0.993297 0.062346 0.000000 0.000000 0.000000 1.000000
0.993943 0.056449 -0.094295 -0.141353 -0.050243 0.996491 0.066944 95.576988 0.097743 -0.061801 0.993291 0.040836 0.000000 0.000000 0.000000 1.000000
0.993913 0.056516 -0.094567 -0.114232 -0.050313 0.996501 0.066737 95.581383 0.098008 -0.061573 0.993279 0.018769 0.000000 0.000000 0.000000 1.000000
0.993889 0.056598 -0.094770 -0.087486 -0.050391 0.996502 0.066660 95.583649 0.098212 -0.061477 0.993265 -0.003174 0.000000 0.000000 0.000000 1.000000
0.993873 0.056710 -0.094873 -0.061866 -0.050493 0.996495 0.066697 95.584717 0.098323 -0.061498 0.993253 -0.023515 0.000000 0.000000 0.000000 1.000000
0.993866 0.056844 -0.094868 -0.038645 -0.050612 0.996479 0.066849 95.585304 0.098333 -0.061638 0.993243 -0.040778 0.000000 0.000000 0.000000 1.000000
0.993867 0.056984 -0.094768 -0.018398 -0.050733 0.996455 0.067105 95.586014 0.098256 -0.061885 0.993235 -0.053912 0.000000 0.000000 0.000000 1.000000
0.993878 0.057138 -0.094559 -0.000106 -0.050870 0.996427 0.067420 95.586815 0.098073 -0.062197 0.993234 -0.063609 0.000000 0.000000 0.000000 1.000000
0.993900 0.057323 -0.094217 0.018227 -0.051045 0.996396 0.067750 95.587906 0.097761 -0.062527 0.993244 -0.072067 0.000000 0.000000 0.000000 1.000000
0.993928 0.057516 -0.093804 0.037448 -0.051232 0.996364 0.068080 95.589676 0.097378 -0.062861 0.993260 -0.080471 0.000000 0.000000 0.000000 1.000000
0.993950 0.057668 -0.093477 0.057031 -0.051370 0.996332 0.068441 95.591583 0.097081 -0.063225 0.993266 -0.088581 0.000000 0.000000 0.000000 1.000000
0.993957 0.057765 -0.093347 0.076803 -0.051435 0.996300 0.068857 95.592209 0.096979 -0.063639 0.993250 -0.096630 0.000000 0.000000 0.000000 1.000000
0.993952 0.057820 -0.093358 0.097267 -0.051442 0.996266 0.069337 95.590614 0.097018 -0.064115 0.993215 -0.105300 0.000000 0.000000 0.000000 1.000000
0.993954 0.057837 -0.093333 0.118240 -0.051408 0.996230 0.069872 95.587639 0.097023 -0.064652 0.993180 -0.114671 0.000000 0.000000 0.000000 1.000000
0.993973 0.057838 -0.093126 0.138300 -0.051372 0.996196 0.070394 95.584160 0.096843 -0.065186 0.993163 -0.124420 0.000000 0.000000 0.000000 1.000000
0.994007 0.057883 -0.092732 0.155406 -0.051399 0.996162 0.070843 95.580849 0.096476 -0.065652 0.993168 -0.134218 0.000000 0.000000 0.000000 1.000000
0.994042 0.058003 -0.092280 0.169150 -0.051515 0.996131 0.071204 95.578629 0.096053 -0.066026 0.993184 -0.143843 0.000000 0.000000 0.000000 1.000000
0.994071 0.058147 -0.091878 0.180694 -0.051665 0.996107 0.071419 95.577774 0.095673 -0.066249 0.993206 -0.153137 0.000000 0.000000 0.000000 1.000000
0.994097 0.058243 -0.091533 0.190725 -0.051787 0.996103 0.071399 95.577530 0.095335 -0.066237 0.993239 -0.162120 0.000000 0.000000 0.000000 1.000000
0.994123 0.058308 -0.091210 0.198588 -0.051899 0.996116 0.071127 95.577309 0.095003 -0.065975 0.993288 -0.171650 0.000000 0.000000 0.000000 1.000000
0.994146 0.058407 -0.090899 0.203687 -0.052064 0.996141 0.070652 95.577240 0.094674 -0.065506 0.993351 -0.182729 0.000000 0.000000 0.000000 1.000000
0.994162 0.058557 -0.090627 0.206588 -0.052290 0.996172 0.070044 95.577209 0.094382 -0.064896 0.993419 -0.194457 0.000000 0.000000 0.000000 1.000000
0.994173 0.058724 -0.090401 0.207969 -0.052535 0.996206 0.069382 95.576828 0.094132 -0.064229 0.993486 -0.203941 0.000000 0.000000 0.000000 1.000000
0.994184 0.058880 -0.090178 0.207810 -0.052765 0.996237 0.068753 95.575974 0.093886 -0.063595 0.993550 -0.209183 0.000000 0.000000 0.000000 1.000000
0.994197 0.059043 -0.089928 0.205132 -0.052994 0.996261 0.068232 95.575638 0.093621 -0.063071 0.993608 -0.210405 0.000000 0.000000 0.000000 1.000000
0.994208 0.059229 -0.089680 0.198584 -0.053231 0.996274 0.067861 95.575798 0.093365 -0.062694 0.993656 -0.207755 0.000000 0.000000 0.000000 1.000000
0.994215 0.059405 -0.089484 0.188631 -0.053442 0.996279 0.067616 95.575356 0.093168 -0.062442 0.993690 -0.199940 0.000000 0.000000 0.000000 1.000000
0.994217 0.059511 -0.089398 0.177321 -0.053571 0.996285 0.067428 95.573990 0.093078 -0.062248 0.993711 -0.186054 0.000000 0.000000 0.000000 1.000000
0.994210 0.059537 -0.089451 0.165960 -0.053615 0.996297 0.067215 95.573166 0.093122 -0.062030 0.993721 -0.167393 0.000000 0.000000 0.000000 1.000000
0.994194 0.059542 -0.089627 0.153802 -0.053634 0.996314 0.066951 95.573730 0.093283 -0.061755 0.993723 -0.146500 0.000000 0.000000 0.000000 1.000000
0.994170 0.059581 -0.089865 0.139184 -0.053684 0.996330 0.066671 95.574486 0.093507 -0.061458 0.993720 -0.124516 0.000000 0.000000 0.000000 1.000000
0.994146 0.059651 -0.090090 0.121109 -0.053764 0.996342 0.066417 95.574181 0.093722 -0.061185 0.993717 -0.100417 0.000000 0.000000 0.000000 1.000000
