<?xml version="1.0" encoding="utf-8"?>
<COLLADA xmlns="http://www.collada.org/2005/11/COLLADASchema" version="1.4.1">
  <asset><contributor><author>Mixamo</author><authoring_tool>COLLADA Mixamo exporter</authoring_tool><comments></comments></contributor><created>2018-06-07T18:16:56Z</created><modified>2018-06-07T18:16:56Z</modified><revision></revision><title></title><unit meter="0.010000"/><up_axis>Y_UP</up_axis></asset>
  <library_animations>
    <animation id="swat_Hips-anim" name="swat_Hips"><source id="swat_Hips-Matrix-animation-input"><float_array id="swat_Hips-Matrix-animation-input-array" count="21">

0.000000 0.033333 0.066667 0.100000 0.133333 0.166667 0.200000 0.233333 0.266667 0.300000 0.333333 0.366667 0.400000 0.433333 0.466667 0.500000
0.533333 0.566667 0.600000 0.633333 0.666667</float_array><technique_common><accessor source="#swat_Hips-Matrix-animation-input-array" count="21"><param name="TIME" type="float"/></accessor></technique_common></source><source id="swat_Hips-Matrix-animation-output-transform"><float_array id="swat_Hips-Matrix-animation-output-transform-array" count="336">

0.281048 0.339474 0.897646 -0.681471 -0.113395 0.940541 -0.320193 85.201775 -0.952971 -0.011799 0.302833 0.085531 0.000000 0.000000 0.000000 1.000000
0.280581 0.335290 0.899364 -1.685855 -0.104936 0.942101 -0.318486 84.997322 -0.954077 -0.005015 0.299519 0.068974 0.000000 0.000000 0.000000 1.000000
0.279175 0.326143 0.903157 -2.565578 -0.062388 0.944726 -0.321870 85.850113 -0.958211 0.033512 0.284092 -0.298091 0.000000 0.000000 0.000000 1.000000
0.272150 0.322124 0.906736 -3.073977 0.010245 0.941280 -0.337471 87.088028 -0.962200 0.101132 0.252870 -0.920931 0.000000 0.000000 0.000000 1.000000
0.245800 0.332015 0.910686 -3.728808 0.047757 0.934220 -0.353485 88.058685 -0.968143 0.130378 0.213776 -1.398498 0.000000 0.000000 0.000000 1.000000
0.225447 0.350353 0.909080 -3.995363 0.020782 0.931160 -0.364017 88.608849 -0.974034 0.100959 0.202646 -1.434455 0.000000 0.000000 0.000000 1.000000
0.205450 0.346555 0.915254 -3.837290 0.001426 0.935097 -0.354388 88.239548 -0.978667 0.074115 0.191622 -1.280111 0.000000 0.000000 0.000000 1.000000
0.177095 0.332371 0.926373 -3.203536 0.009280 0.940645 -0.339265 87.459412 -0.984150 0.068679 0.163499 -1.389356 0.000000 0.000000 0.000000 1.000000
0.161966 0.325481 0.931573 -3.491416 0.020740 0.942707 -0.332977 86.590012 -0.986578 0.073252 0.145936 -1.628494 0.000000 0.000000 0.000000 1.000000
0.161566 0.337475 0.927366 -4.995402 0.020549 0.938358 -0.345055 85.619904 -0.986648 0.074805 0.144672 -1.642922 0.000000 0.000000 0.000000 1.000000
0.153822 0.345543 0.925710 -5.212277 0.008391 0.936369 -0.350917 85.251518 -0.988063 0.061746 0.141135 -1.624722 0.000000 0.000000 0.000000 1.000000
0.131847 0.361514 0.922997 -5.585192 -0.031546 0.932184 -0.360607 85.897377 -0.990768 0.018428 0.134310 -1.389657 0.000000 0.000000 0.000000 1.000000
0.122444 0.360396 0.924728 -4.905959 -0.080049 0.932290 -0.352744 87.282242 -0.989242 -0.030832 0.143002 -1.263841 0.000000 0.000000 0.000000 1.000000
0.137109 0.364883 0.920903 -4.376992 -0.129467 0.928309 -0.348542 87.931610 -0.982059 -0.071438 0.174519 -1.176968 0.000000 0.000000 0.000000 1.000000
0.170502 0.353762 0.919664 -3.568838 -0.116564 0.934018 -0.337673 88.567863 -0.978438 -0.049626 0.200488 -1.400890 0.000000 0.000000 0.000000 1.000000
0.205426 0.331130 0.920952 -1.335861 -0.067640 0.943575 -0.324177 88.077545 -0.976332 0.004301 0.216232 -1.446212 0.000000 0.000000 0.000000 1.000000
0.248943 0.302274 0.920140 0.750672 -0.047296 0.952710 -0.300178 87.924637 -0.967363 0.031208 0.251467 -1.356187 0.000000 0.000000 0.000000 1.000000
0.277860 0.284001 0.917680 0.890848 -0.059413 0.958550 -0.278659 87.518913 -0.958782 0.022906 0.283216 -1.168852 0.000000 0.000000 0.000000 1.000000
0.260358 0.294323 0.919558 0.495700 -0.073409 0.955682 -0.285100 86.256439 -0.962717 0.006725 0.270426 -0.709925 0.000000 0.000000 0.000000 1.000000
0.262487 0.345846 0.900828 -0.865165 -0.117864 0.938064 -0.325797 85.022804 -0.957710 -0.020658 0.286993 -0.434820 0.000000 0.000000 0.000000 1.000000
0.281048 0.339474 0.897647 -0.681470 -0.113395 0.940541 -0.320193 85.201752 -0.952971 -0.011799 0.302832 0.085531 0.000000 0.000000 0.000000 1.000000</float_array><technique_common><accessor source="#swat_Hips-Matrix-animation-output-transform-array" count="21" stride="16"><param type="float4x4"/></accessor></technique_common></source><source id="swat_Hips-Interpolations"><Name_array id="swat_Hips-Interpolations-array" count="21">
 LINEAR LINEAR LINEAR LINEAR LINEAR LINEAR LINEAR LINEAR LINEAR LINEAR LINEAR
LINEAR LINEAR LINEAR LINEAR LINEAR LINEAR LINEAR LINEAR LINEAR LINEAR</Name_array><technique_common><accessor source="#swat_Hips-Interpolations-array" count="21"><param type="name"/></accessor></technique_common></source><sampler id="swat_Hips-Matrix-animation-transform"><input semantic="INPUT" source="#swat_Hips-Matrix-animation-input"/><input semantic="OUTPUT" source="#swat_Hips-Matrix-animation-output-transform"/><input semantic="INTERPOLATION" source="#swat_Hips-Interpolations"/></sampler><channel source="#swat_Hips-Matrix-animation-transform" target="swat_Hips/matrix"/></animation>
    <animation id="swat_Spine-anim" name="swat_Spine"><source id="swat_Spine-Matrix-animation-input"><float_array id="swat_Spine-Matrix-animation-input-array" count="21">

0.000000 0.033333 0.066667 0.100000 0.133333 0.166667 0.200000 0.233333 0.266667 0.300000 0.333333 0.366667 0.400000 0.433333 0.466667 0.500000
0.533333 0.566667 0.600000 0.633333 0.666667</float_array><technique_common><accessor source="#swat_Spine-Matrix-animation-input-array" count="21"><param name="TIME" type="float"/></accessor></technique_common></source><source id="swat_Spine-Matrix-animation-output-transform"><float_array id="swat_Spine-Matrix-animation-output-transform-array" count="336">

0.984684 -0.122564 -0.123999 0.000000 0.101784 0.981542 -0.161911 9.226300 0.141554 0.146810 0.978984 1.577100 0.000000 0.000000 0.000000 1.000000
0.990067 -0.102475 -0.096263 -0.000000 0.086480 0.983690 -0.157719 9.226300 0.110855 0.147828 0.982781 1.577100 0.000000 0.000000 0.000000 1.000000
0.995760 -0.049176 -0.077737 0.000000 0.037996 0.989527 -0.139260 9.226300 0.083771 0.135716 0.987200 1.577100 0.000000 0.000000 0.000000 1.000000
0.998222 0.009374 -0.058872 0.000000 -0.016386 0.992665 -0.119786 9.226300 0.057317 0.120537 0.991053 1.577100 0.000000 0.000000 0.000000 1.000000
0.998890 0.032948 -0.033662 -0.000000 -0.036510 0.993110 -0.111357 9.226300 0.029761 0.112463 0.993210 1.577100 0.000000 0.000000 0.000000 1.000000
0.999789 0.014982 -0.014044 0.000000 -0.016495 0.993269 -0.114653 9.226300 0.012232 0.114860 0.993306 1.577100 0.000000 0.000000 0.000000 1.000000
0.999686 -0.014880 -0.020173 -0.000000 0.012314 0.992470 -0.121870 9.226300 0.021834 0.121584 0.992341 1.577100 0.000000 0.000000 0.000000 1.000000
0.997850 -0.032211 -0.057079 0.000000 0.024678 0.991456 -0.128085 9.226300 0.060717 0.126401 0.990119 1.577100 0.000000 0.000000 0.000000 1.000000
0.993398 -0.033062 -0.109847 -0.000000 0.017896 0.990509 -0.136281 9.226300 0.113310 0.133416 0.984561 1.577100 0.000000 0.000000 0.000000 1.000000
0.986820 -0.034628 -0.158076 0.000000 0.010783 0.988736 -0.149278 9.226300 0.161465 0.145606 0.976078 1.577100 0.000000 0.000000 0.000000 1.000000
0.978890 -0.059291 -0.195598 0.000000 0.027536 0.986532 -0.161234 9.226300 0.202523 0.152444 0.967339 1.577100 0.000000 0.000000 0.000000 1.000000
0.966752 -0.114616 -0.228589 0.000000 0.076788 0.982788 -0.168025 9.226300 0.243913 0.144885 0.958913 1.577100 0.000000 0.000000 0.000000 1.000000
0.948001 -0.179396 -0.262891 -0.000000 0.136281 0.975257 -0.174075 9.226300 0.287615 0.129196 0.948992 1.577100 0.000000 0.000000 0.000000 1.000000
0.929598 -0.218307 -0.296968 0.000000 0.170650 0.969082 -0.178207 9.226300 0.326691 0.114984 0.938111 1.577100 0.000000 0.000000 0.000000 1.000000
0.922513 -0.208711 -0.324669 0.000000 0.160194 0.972354 -0.169896 9.226300 0.351153 0.104721 0.930443 1.577100 0.000000 0.000000 0.000000 1.000000
0.927067 -0.167228 -0.335532 0.000000 0.122279 0.980936 -0.151041 9.226300 0.354394 0.098997 0.929841 1.577100 0.000000 0.000000 0.000000 1.000000
0.939664 -0.132364 -0.315453 0.000000 0.092332 0.986021 -0.138696 9.226300 0.329402 0.101201 0.938751 1.577100 0.000000 0.000000 0.000000 1.000000
0.955915 -0.127320 -0.264605 0.000000 0.092127 0.985650 -0.141446 9.226300 0.278816 0.110833 0.953927 1.577100 0.000000 0.000000 0.000000 1.000000
0.970181 -0.137010 -0.199944 0.000000 0.108096 0.982908 -0.149022 9.226300 0.216944 0.122965 0.968408 1.577100 0.000000 0.000000 0.000000 1.000000
0.979961 -0.139956 -0.141738 -0.000000 0.117753 0.980953 -0.154485 9.226300 0.160659 0.134700 0.977775 1.577100 0.000000 0.000000 0.000000 1.000000
0.984684 -0.122564 -0.123998 -0.000000 0.101784 0.981542 -0.161910 9.226300 0.141554 0.146809 0.978984 1.577100 0.000000 0.000000 0.000000 1.000000</float_array><technique_common><accessor source="#swat_Spine-Matrix-animation-output-transform-array" count="21" stride="16"><param type="float4x4"/></accessor></technique_common></source><source id="swat_Spine-Interpolations"><Name_array id="swat_Spine-Interpolations-array" count="21">
 LINEAR LINEAR LINEAR LINEAR LINEAR LINEAR LINEAR LINEAR LINEAR LINEAR LINEAR
LINEAR LINEAR LINEAR LINEAR LINEAR LINEAR LINEAR LINEAR LINEAR LINEAR</Name_array><technique_common><accessor source="#swat_Spine-Interpolations-array" count="21"><param type="name"/></accessor></technique_common></source><sampler id="swat_Spine-Matrix-animation-transform"><input semantic="INPUT" source="#swat_Spine-Matrix-animation-input"/><input semantic="OUTPUT" source="#swat_Spine-Matrix-animation-output-transform"/><input semantic="INTERPOLATION" source="#swat_Spine-Interpolations"/></sampler><channel source="#swat_Spine-Matrix-animation-transform" target="swat_Spine/matrix"/></animation>
    <animation id="swat_Spine1-anim" name="swat_Spine1"><source id="swat_Spine1-Matrix-animation-input"><float_array id="swat_Spine1-Matrix-animation-input-array" count="21">

0.000000 0.033333 0.066667 0.100000 0.133333 0.166667 0.200000 0.233333 0.266667 0.300000 0.333333 0.366667 0.400000 0.433333 0.466667 0.500000
0.533333 0.566667 0.600000 0.633333 0.666667</float_array><technique_common><accessor source="#swat_Spine1-Matrix-animation-input-array" count="21"><param name="TIME" type="float"/></accessor></technique_common></source><source id="swat_Spine1-Matrix-animation-output-transform"><float_array id="swat_Spine1-Matrix-animation-output-transform-array" count="336">

0.997439 -0.042933 -0.057203 0.000000 0.039551 0.997474 -0.059008 16.254000 0.059592 0.056595 0.996617 -0.165600 0.000000 0.000000 0.000000 1.000000
0.998335 -0.037344 -0.043961 0.000000 0.034743 0.997683 -0.058501 16.254000 0.046044 0.056876 0.997319 -0.165600 0.000000 0.000000 0.000000 1.000000
0.999193 -0.023824 -0.032343 0.000000 0.022047 0.998286 -0.054221 16.254000 0.033579 0.053465 0.998005 -0.165600 0.000000 0.000000 0.000000 1.000000
0.999732 -0.008506 -0.021547 -0.000000 0.007420 0.998724 -0.049949 16.254000 0.021944 0.049776 0.998519 -0.165600 0.000000 0.000000 0.000000 1.000000
0.999925 -0.001310 -0.012165 0.000000 0.000725 0.998852 -0.047898 16.254000 0.012214 0.047885 0.998778 -0.165600 0.000000 0.000000 0.000000 1.000000
0.999955 -0.004918 -0.008072 0.000000 0.004528 0.998856 -0.047598 16.254000 0.008297 0.047560 0.998834 -0.165600 0.000000 0.000000 0.000000 1.000000
0.999835 -0.012122 -0.013552 -0.000000 0.011457 0.998776 -0.048109 16.254000 0.014119 0.047946 0.998750 -0.165600 0.000000 0.000000 0.000000 1.000000
0.999477 -0.016205 -0.028000 0.000000 0.014800 0.998657 -0.049646 16.254000 0.028767 0.049205 0.998374 -0.165600 0.000000 0.000000 0.000000 1.000000
0.998783 -0.017279 -0.046205 -0.000000 0.014801 0.998462 -0.053437 16.254000 0.047057 0.052688 0.997502 -0.165600 0.000000 0.000000 0.000000 1.000000
0.997736 -0.019937 -0.064224 0.000000 0.016134 0.998116 -0.059192 16.254000 0.065283 0.058022 0.996178 -0.165600 0.000000 0.000000 0.000000 1.000000
0.996198 -0.028626 -0.082285 -0.000000 0.023478 0.997746 -0.062865 16.254000 0.083899 0.060694 0.994624 -0.165600 0.000000 0.000000 0.000000 1.000000
0.993921 -0.043056 -0.101326 0.000000 0.036883 0.997393 -0.062027 16.254000 0.103732 0.057913 0.992918 -0.165600 0.000000 0.000000 0.000000 1.000000
0.991228 -0.056977 -0.119251 0.000000 0.050120 0.996956 -0.059729 16.254000 0.122291 0.053228 0.991066 -0.165600 0.000000 0.000000 0.000000 1.000000
0.989227 -0.063567 -0.131868 0.000000 0.056329 0.996731 -0.057914 16.254000 0.135118 0.049862 0.989574 -0.165600 0.000000 0.000000 0.000000 1.000000
0.988640 -0.061799 -0.137012 0.000000 0.054811 0.997024 -0.054206 16.254000 0.139955 0.046081 0.989085 -0.165600 0.000000 0.000000 0.000000 1.000000
0.989163 -0.056516 -0.135506 0.000000 0.050335 0.997548 -0.048617 16.254000 0.137922 0.041269 0.989583 -0.165600 0.000000 0.000000 0.000000 1.000000
0.990362 -0.052922 -0.127992 -0.000000 0.047386 0.997821 -0.045917 16.254000 0.130143 0.039410 0.990712 -0.165600 0.000000 0.000000 0.000000 1.000000
0.992243 -0.051965 -0.112933 0.000000 0.046765 0.997741 -0.048218 16.254000 0.115184 0.042563 0.992432 -0.165600 0.000000 0.000000 0.000000 1.000000
0.994622 -0.051341 -0.089947 0.000000 0.046779 0.997545 -0.052118 16.254000 0.092402 0.047630 0.994582 -0.165600 0.000000 0.000000 0.000000 1.000000
0.996606 -0.048604 -0.066437 0.000000 0.044971 0.997466 -0.055137 16.254000 0.068949 0.051962 0.996266 -0.165600 0.000000 0.000000 0.000000 1.000000
0.997439 -0.042933 -0.057203 0.000000 0.039551 0.997474 -0.059009 16.254000 0.059592 0.056595 0.996617 -0.165600 0.000000 0.000000 0.000000 1.000000</float_array><technique_common><accessor source="#swat_Spine1-Matrix-animation-output-transform-array" count="21" stride="16"><param type="float4x4"/></accessor></technique_common></source><source id="swat_Spine1-Interpolations"><Name_array id="swat_Spine1-Interpolations-array" count="21">
 LINEAR LINEAR LINEAR LINEAR LINEAR LINEAR LINEAR LINEAR LINEAR LINEAR LINEAR
LINEAR LINEAR LINEAR LINEAR LINEAR LINEAR LINEAR LINEAR LINEAR LINEAR</Name_array><technique_common><accessor source="#swat_Spine1-Interpolations-array" count="21"><param type="name"/></accessor></technique_common></source><sampler id="swat_Spine1-Matrix-animation-transform"><input semantic="INPUT" source="#swat_Spine1-Matrix-animation-input"/><input semantic="OUTPUT" source="#swat_Spine1-Matrix-animation-output-transform"/><input semantic="INTERPOLATION" source="#swat_Spine1-Interpolations"/></sampler><channel source="#swat_Spine1-Matrix-animation-transform" target="swat_Spine1/matrix"/></animation>
    <animation id="swat_Spine2-anim" name="swat_Spine2"><source id="swat_Spine2-Matrix-animation-input"><float_array id="swat_Spine2-Matrix-animation-input-array" count="21">

0.000000 0.033333 0.066667 0.100000 0.133333 0.166667 0.200000 0.233333 0.266667 0.300000 0.333333 0.366667 0.400000 0.433333 0.466667 0.500000
0.533333 0.566667 0.600000 0.633333 0.666667</float_array><technique_common><accessor source="#swat_Spine2-Matrix-animation-input-array" count="21"><param name="TIME" type="float"/></accessor></technique_common></source><source id="swat_Spine2-Matrix-animation-output-transform"><float_array id="swat_Spine2-Matrix-animation-output-transform-array" count="336">

0.997419 -0.043780 -0.056902 0.000000 0.040433 0.997457 -0.058684 13.639600 0.059327 0.056232 0.996654 -1.292300 0.000000 0.000000 0.000000 1.000000
0.998317 -0.037981 -0.043818 -0.000000 0.035401 0.997676 -0.058213 13.639600 0.045927 0.056564 0.997342 -1.292300 0.000000 0.000000 0.000000 1.000000
0.999179 -0.024211 -0.032487 -0.000000 0.022435 0.998292 -0.053950 13.639600 0.033738 0.053177 0.998015 -1.292300 0.000000 0.000000 0.000000 1.000000
0.999722 -0.008683 -0.021934 0.000000 0.007584 0.998734 -0.049727 13.639600 0.022338 0.049547 0.998522 -1.292300 0.000000 0.000000 0.000000 1.000000
0.999920 -0.001396 -0.012609 -0.000000 0.000792 0.998859 -0.047757 13.639600 0.012661 0.047743 0.998779 -1.292300 0.000000 0.000000 0.000000 1.000000
0.999952 -0.005027 -0.008407 0.000000 0.004622 0.998860 -0.047511 13.639600 0.008636 0.047470 0.998835 -1.292300 0.000000 0.000000 0.000000 1.000000
0.999830 -0.012305 -0.013735 -0.000000 0.011633 0.998779 -0.048006 13.639600 0.014309 0.047838 0.998753 -1.292300 0.000000 0.000000 0.000000 1.000000
0.999470 -0.016480 -0.028073 -0.000000 0.015077 0.998661 -0.049487 13.639600 0.028851 0.049037 0.998380 -1.292300 0.000000 0.000000 0.000000 1.000000
0.998775 -0.017707 -0.046195 0.000000 0.015238 0.998464 -0.053259 13.639600 0.047068 0.052490 0.997512 -1.292300 0.000000 0.000000 0.000000 1.000000
0.997731 -0.020637 -0.064092 -0.000000 0.016850 0.998112 -0.059071 13.639600 0.065190 0.057857 0.996194 -1.292300 0.000000 0.000000 0.000000 1.000000
0.996192 -0.029670 -0.081977 -0.000000 0.024548 0.997724 -0.062798 13.639600 0.083654 0.060547 0.994654 -1.292300 0.000000 0.000000 0.000000 1.000000
0.993908 -0.044350 -0.100898 -0.000000 0.038226 0.997354 -0.061832 13.639600 0.103374 0.057598 0.992973 -1.292300 0.000000 0.000000 0.000000 1.000000
0.991195 -0.058343 -0.118860 0.000000 0.051587 0.996915 -0.059150 13.639600 0.121945 0.052498 0.991148 -1.292300 0.000000 0.000000 0.000000 1.000000
0.989174 -0.065013 -0.131562 0.000000 0.057932 0.996694 -0.056957 13.639600 0.134830 0.048719 0.989670 -1.292300 0.000000 0.000000 0.000000 1.000000
0.988583 -0.063577 -0.136609 -0.000000 0.056757 0.996966 -0.053258 13.639600 0.139580 0.044897 0.989192 -1.292300 0.000000 0.000000 0.000000 1.000000
0.989125 -0.058779 -0.134820 0.000000 0.052723 0.997452 -0.048058 13.639600 0.137301 0.040427 0.989704 -1.292300 0.000000 0.000000 0.000000 1.000000
0.990342 -0.055393 -0.127098 -0.000000 0.049937 0.997705 -0.045724 13.639600 0.129340 0.038935 0.990836 -1.292300 0.000000 0.000000 0.000000 1.000000
0.992223 -0.054101 -0.112099 0.000000 0.048964 0.997643 -0.048083 13.639600 0.114436 0.042220 0.992533 -1.292300 0.000000 0.000000 0.000000 1.000000
0.994599 -0.052806 -0.089357 -0.000000 0.048302 0.997487 -0.051839 13.639600 0.091870 0.047243 0.994650 -1.292300 0.000000 0.000000 0.000000 1.000000
0.996585 -0.049529 -0.066066 -0.000000 0.045942 0.997442 -0.054762 13.639600 0.068610 0.051540 0.996311 -1.292300 0.000000 0.000000 0.000000 1.000000
0.997419 -0.043780 -0.056902 0.000000 0.040433 0.997457 -0.058684 13.639600 0.059327 0.056232 0.996654 -1.292300 0.000000 0.000000 0.000000 1.000000</float_array><technique_common><accessor source="#swat_Spine2-Matrix-animation-output-transform-array" count="21" stride="16"><param type="float4x4"/></accessor></technique_common></source><source id="swat_Spine2-Interpolations"><Name_array id="swat_Spine2-Interpolations-array" count="21">
 LINEAR LINEAR LINEAR LINEAR LINEAR LINEAR LINEAR LINEAR LINEAR LINEAR LINEAR
LINEAR LINEAR LINEAR LINEAR LINEAR LINEAR LINEAR LINEAR LINEAR LINEAR</Name_array><technique_common><accessor source="#swat_Spine2-Interpolations-array" count="21"><param type="name"/></accessor></technique_common></source><sampler id="swat_Spine2-Matrix-animation-transform"><input semantic="INPUT" source="#swat_Spine2-Matrix-animation-input"/><input semantic="OUTPUT" source="#swat_Spine2-Matrix-animation-output-transform"/><input semantic="INTERPOLATION" source="#swat_Spine2-Interpolations"/></sampler><channel source="#swat_Spine2-Matrix-animation-transform" target="swat_Spine2/matrix"/></animation>
    <animation id="swat_Neck-anim" name="swat_Neck"><source id="swat_Neck-Matrix-animation-input"><float_array id="swat_Neck-Matrix-animation-input-array" count="21">

0.000000 0.033333 0.066667 0.100000 0.133333 0.166667 0.200000 0.233333 0.266667 0.300000 0.333333 0.366667 0.400000 0.433333 0.466667 0.500000
0.533333 0.566667 0.600000 0.633333 0.666667</float_array><technique_common><accessor source="#swat_Neck-Matrix-animation-input-array" count="21"><param name="TIME" type="float"/></accessor></technique_common></source><source id="swat_Neck-Matrix-animation-output-transform"><float_array id="swat_Neck-Matrix-animation-output-transform-array" count="336">

0.998024 0.018824 -0.059951 0.000000 -0.018252 0.999783 0.010076 13.877400 0.060127 -0.008961 0.998150 -4.354200 0.000000 0.000000 0.000000 1.000000
0.997640 0.017993 -0.066263 0.000000 -0.017429 0.999807 0.009080 13.877400 0.066414 -0.007903 0.997761 -4.354200 0.000000 0.000000 0.000000 1.000000
0.997200 0.013902 -0.073473 -0.000000 -0.013426 0.999886 0.006971 13.877400 0.073561 -0.005965 0.997273 -4.354200 0.000000 0.000000 0.000000 1.000000
0.996629 0.007798 -0.081671 0.000000 -0.007130 0.999939 0.008469 13.877400 0.081732 -0.007858 0.996623 -4.354200 0.000000 0.000000 0.000000 1.000000
0.996040 0.003590 -0.088833 0.000000 -0.002307 0.999892 0.014533 13.877400 0.088876 -0.014270 0.995941 -4.354200 0.000000 0.000000 0.000000 1.000000
0.995783 0.002908 -0.091696 0.000000 -0.001108 0.999806 0.019676 13.877400 0.091735 -0.019491 0.995593 -4.354200 0.000000 0.000000 0.000000 1.000000
0.996047 0.004286 -0.088720 -0.000000 -0.002599 0.999814 0.019121 13.877400 0.088785 -0.018815 0.995873 -4.354200 0.000000 0.000000 0.000000 1.000000
0.996651 0.006506 -0.081515 -0.000000 -0.005266 0.999867 0.015408 13.877400 0.081605 -0.014927 0.996553 -4.354200 0.000000 0.000000 0.000000 1.000000
0.997280 0.008845 -0.073176 -0.000000 -0.007778 0.999859 0.014849 13.877400 0.073297 -0.014240 0.997208 -4.354200 0.000000 0.000000 0.000000 1.000000
0.997777 0.011140 -0.065701 0.000000 -0.009893 0.999765 0.019285 13.877400 0.065900 -0.018592 0.997653 -4.354200 0.000000 0.000000 0.000000 1.000000
0.998164 0.015536 -0.058537 -0.000000 -0.014209 0.999634 0.023020 13.877400 0.058873 -0.022146 0.998020 -4.354200 0.000000 0.000000 0.000000 1.000000
0.998480 0.023127 -0.050035 -0.000000 -0.022132 0.999548 0.020340 13.877400 0.050483 -0.019202 0.998540 -4.354200 0.000000 0.000000 0.000000 1.000000
0.998732 0.030103 -0.040358 0.000000 -0.029621 0.999483 0.012493 13.877400 0.040713 -0.011281 0.999107 -4.354200 0.000000 0.000000 0.000000 1.000000
0.998957 0.032565 -0.032017 0.000000 -0.032469 0.999467 0.003517 13.877400 0.032115 -0.002474 0.999481 -4.354200 0.000000 0.000000 0.000000 1.000000
0.999100 0.032511 -0.027257 0.000000 -0.032638 0.999458 -0.004221 13.877400 0.027105 0.005107 0.999620 -4.354200 0.000000 0.000000 0.000000 1.000000
0.999063 0.034223 -0.026500 0.000000 -0.034464 0.999368 -0.008696 13.877400 0.026186 0.009602 0.999611 -4.354200 0.000000 0.000000 0.000000 1.000000
0.998868 0.036860 -0.030065 0.000000 -0.037096 0.999285 -0.007331 13.877400 0.029773 0.008438 0.999521 -4.354200 0.000000 0.000000 0.000000 1.000000
0.998644 0.034570 -0.038929 0.000000 -0.034604 0.999401 -0.000210 13.877400 0.038898 0.001557 0.999242 -4.354200 0.000000 0.000000 0.000000 1.000000
0.998364 0.025385 -0.051236 -0.000000 -0.025017 0.999656 0.007819 13.877400 0.051417 -0.006525 0.998656 -4.354200 0.000000 0.000000 0.000000 1.000000
0.998035 0.016495 -0.060443 -0.000000 -0.015828 0.999809 0.011495 13.877400 0.060621 -0.010515 0.998105 -4.354200 0.000000 0.000000 0.000000 1.000000
0.998024 0.018824 -0.059951 0.000000 -0.018252 0.999783 0.010075 13.877400 0.060127 -0.008961 0.998150 -4.354200 0.000000 0.000000 0.000000 1.000000</float_array><technique_common><accessor source="#swat_Neck-Matrix-animation-output-transform-array" count="21" stride="16"><param type="float4x4"/></accessor></technique_common></source><source id="swat_Neck-Interpolations"><Name_array id="swat_Neck-Interpolations-array" count="21">
 LINEAR LINEAR LINEAR LINEAR LINEAR LINEAR LINEAR LINEAR LINEAR LINEAR LINEAR
LINEAR LINEAR LINEAR LINEAR LINEAR LINEAR LINEAR LINEAR LINEAR LINEAR</Name_array><technique_common><accessor source="#swat_Neck-Interpolations-array" count="21"><param type="name"/></accessor></technique_common></source><sampler id="swat_Neck-Matrix-animation-transform"><input semantic="INPUT" source="#swat_Neck-Matrix-animation-input"/><input semantic="OUTPUT" source="#swat_Neck-Matrix-animation-output-transform"/><input semantic="INTERPOLATION" source="#swat_Neck-Interpolations"/></sampler><channel source="#swat_Neck-Matrix-animation-transform" target="swat_Neck/matrix"/></animation>
    <animation id="swat_Neck1-anim" name="swat_Neck1"><source id="swat_Neck1-Matrix-animation-input"><float_array id="swat_Neck1-Matrix-animation-input-array" count="21">

0.000000 0.033333 0.066667 0.100000 0.133333 0.166667 0.200000 0.233333 0.266667 0.300000 0.333333 0.366667 0.400000 0.433333 0.466667 0.500000
0.533333 0.566667 0.600000 0.633333 0.666667</float_array><technique_common><accessor source="#swat_Neck1-Matrix-animation-input-array" count="21"><param name="TIME" type="float"/></accessor></technique_common></source><source id="swat_Neck1-Matrix-animation-output-transform"><float_array id="swat_Neck1-Matrix-animation-output-transform-array" count="336">

0.998024 0.018824 -0.059951 0.000000 -0.018252 0.999783 0.010076 4.340000 0.060127 -0.008962 0.998150 0.926900 0.000000 0.000000 0.000000 1.000000
0.997640 0.017992 -0.066263 0.000000 -0.017428 0.999807 0.009083 4.340000 0.066414 -0.007906 0.997761 0.926900 0.000000 0.000000 0.000000 1.000000
0.997200 0.013902 -0.073473 0.000000 -0.013425 0.999886 0.006972 4.340000 0.073562 -0.005966 0.997273 0.926900 0.000000 0.000000 0.000000 1.000000
0.996629 0.007798 -0.081671 0.000000 -0.007130 0.999939 0.008470 4.340000 0.081732 -0.007859 0.996623 0.926900 0.000000 0.000000 0.000000 1.000000
0.996040 0.003589 -0.088833 0.000000 -0.002307 0.999892 0.014533 4.340000 0.088876 -0.014270 0.995940 0.926900 0.000000 0.000000 0.000000 1.000000
0.995783 0.002907 -0.091696 0.000000 -0.001107 0.999806 0.019676 4.340000 0.091736 -0.019492 0.995593 0.926900 0.000000 0.000000 0.000000 1.000000
0.996047 0.004287 -0.088719 0.000000 -0.002600 0.999814 0.019121 4.340000 0.088785 -0.018815 0.995873 0.926900 0.000000 0.000000 0.000000 1.000000
0.996651 0.006505 -0.081516 0.000000 -0.005266 0.999867 0.015408 4.340000 0.081605 -0.014928 0.996553 0.926900 0.000000 0.000000 0.000000 1.000000
0.997280 0.008845 -0.073176 0.000000 -0.007778 0.999859 0.014849 4.340000 0.073297 -0.014239 0.997208 0.926900 0.000000 0.000000 0.000000 1.000000
0.997777 0.011140 -0.065701 -0.000000 -0.009893 0.999765 0.019284 4.340000 0.065900 -0.018592 0.997653 0.926900 0.000000 0.000000 0.000000 1.000000
0.998164 0.015536 -0.058537 -0.000000 -0.014209 0.999634 0.023021 4.340000 0.058873 -0.022146 0.998020 0.926900 0.000000 0.000000 0.000000 1.000000
0.998480 0.023126 -0.050035 0.000000 -0.022132 0.999548 0.020340 4.340000 0.050483 -0.019202 0.998540 0.926900 0.000000 0.000000 0.000000 1.000000
0.998732 0.030103 -0.040358 0.000000 -0.029621 0.999483 0.012493 4.340000 0.040713 -0.011281 0.999107 0.926900 0.000000 0.000000 0.000000 1.000000
0.998957 0.032566 -0.032017 0.000000 -0.032470 0.999467 0.003517 4.340000 0.032114 -0.002474 0.999481 0.926900 0.000000 0.000000 0.000000 1.000000
0.999100 0.032511 -0.027257 0.000000 -0.032638 0.999458 -0.004221 4.340000 0.027105 0.005107 0.999620 0.926900 0.000000 0.000000 0.000000 1.000000
0.999063 0.034223 -0.026500 -0.000000 -0.034464 0.999368 -0.008697 4.340000 0.026186 0.009602 0.999611 0.926900 0.000000 0.000000 0.000000 1.000000
0.998868 0.036860 -0.030065 -0.000000 -0.037096 0.999285 -0.007330 4.340000 0.029774 0.008437 0.999521 0.926900 0.000000 0.000000 0.000000 1.000000
0.998644 0.034569 -0.038929 0.000000 -0.034604 0.999401 -0.000210 4.340000 0.038898 0.001557 0.999242 0.926900 0.000000 0.000000 0.000000 1.000000
0.998364 0.025385 -0.051236 0.000000 -0.025017 0.999656 0.007819 4.340000 0.051417 -0.006525 0.998656 0.926900 0.000000 0.000000 0.000000 1.000000
0.998035 0.016495 -0.060443 -0.000000 -0.015828 0.999809 0.011493 4.340000 0.060621 -0.010514 0.998105 0.926900 0.000000 0.000000 0.000000 1.000000
0.998024 0.018824 -0.059951 -0.000000 -0.018251 0.999783 0.010076 4.340000 0.060127 -0.008962 0.998150 0.926900 0.000000 0.000000 0.000000 1.000000</float_array><technique_common><accessor source="#swat_Neck1-Matrix-animation-output-transform-array" count="21" stride="16"><param type="float4x4"/></accessor></technique_common></source><source id="swat_Neck1-Interpolations"><Name_array id="swat_Neck1-Interpolations-array" count="21">
 LINEAR LINEAR LINEAR LINEAR LINEAR LINEAR LINEAR LINEAR LINEAR LINEAR LINEAR
LINEAR LINEAR LINEAR LINEAR LINEAR LINEAR LINEAR LINEAR LINEAR LINEAR</Name_array><technique_common><accessor source="#swat_Neck1-Interpolations-array" count="21"><param type="name"/></accessor></technique_common></source><sampler id="swat_Neck1-Matrix-animation-transform"><input semantic="INPUT" source="#swat_Neck1-Matrix-animation-input"/><input semantic="OUTPUT" source="#swat_Neck1-Matrix-animation-output-transform"/><input semantic="INTERPOLATION" source="#swat_Neck1-Interpolations"/></sampler><channel source="#swat_Neck1-Matrix-animation-transform" target="swat_Neck1/matrix"/></animation>
    <animation id="swat_Head-anim" name="swat_Head"><source id="swat_Head-Matrix-animation-input"><float_array id="swat_Head-Matrix-animation-input-array" count="21">

0.000000 0.033333 0.066667 0.100000 0.133333 0.166667 0.200000 0.233333 0.266667 0.300000 0.333333 0.366667 0.400000 0.433333 0.466667 0.500000
0.533333 0.566667 0.600000 0.633333 0.666667</float_array><technique_common><accessor source="#swat_Head-Matrix-animation-input-array" count="21"><param name="TIME" type="float"/></accessor></technique_common></source><source id="swat_Head-Matrix-animation-output-transform"><float_array id="swat_Head-Matrix-animation-output-transform-array" count="336">

0.998024 0.018824 -0.059951 0.000000 -0.018252 0.999783 0.010074 4.026600 0.060127 -0.008960 0.998151 0.858500 0.000000 0.000000 0.000000 1.000000
0.997640 0.017994 -0.066263 0.000000 -0.017430 0.999807 0.009076 4.026600 0.066413 -0.007900 0.997761 0.858500 0.000000 0.000000 0.000000 1.000000
0.997200 0.013902 -0.073473 -0.000000 -0.013426 0.999886 0.006971 4.026600 0.073562 -0.005965 0.997273 0.858500 0.000000 0.000000 0.000000 1.000000
0.996629 0.007798 -0.081671 -0.000000 -0.007130 0.999939 0.008469 4.026600 0.081732 -0.007858 0.996623 0.858500 0.000000 0.000000 0.000000 1.000000
0.996040 0.003590 -0.088833 0.000000 -0.002307 0.999892 0.014533 4.026600 0.088876 -0.014270 0.995940 0.858500 0.000000 0.000000 0.000000 1.000000
0.995783 0.002908 -0.091696 0.000000 -0.001108 0.999806 0.019676 4.026600 0.091735 -0.019491 0.995593 0.858500 0.000000 0.000000 0.000000 1.000000
0.996047 0.004286 -0.088720 0.000000 -0.002599 0.999814 0.019121 4.026600 0.088785 -0.018815 0.995873 0.858500 0.000000 0.000000 0.000000 1.000000
0.996651 0.006506 -0.081515 0.000000 -0.005267 0.999867 0.015408 4.026600 0.081605 -0.014927 0.996553 0.858500 0.000000 0.000000 0.000000 1.000000
0.997280 0.008845 -0.073176 -0.000000 -0.007778 0.999859 0.014849 4.026600 0.073297 -0.014240 0.997208 0.858500 0.000000 0.000000 0.000000 1.000000
0.997777 0.011141 -0.065701 0.000000 -0.009893 0.999765 0.019285 4.026600 0.065900 -0.018592 0.997653 0.858500 0.000000 0.000000 0.000000 1.000000
0.998164 0.015536 -0.058537 0.000000 -0.014209 0.999634 0.023020 4.026600 0.058873 -0.022146 0.998020 0.858500 0.000000 0.000000 0.000000 1.000000
0.998480 0.023127 -0.050035 0.000000 -0.022132 0.999548 0.020340 4.026600 0.050483 -0.019202 0.998540 0.858500 0.000000 0.000000 0.000000 1.000000
0.998732 0.030103 -0.040358 0.000000 -0.029621 0.999483 0.012493 4.026600 0.040713 -0.011281 0.999107 0.858500 0.000000 0.000000 0.000000 1.000000
0.998957 0.032565 -0.032017 0.000000 -0.032469 0.999467 0.003517 4.026600 0.032115 -0.002474 0.999481 0.858500 0.000000 0.000000 0.000000 1.000000
0.999100 0.032511 -0.027257 0.000000 -0.032638 0.999458 -0.004221 4.026600 0.027105 0.005106 0.999620 0.858500 0.000000 0.000000 0.000000 1.000000
0.999063 0.034222 -0.026500 -0.000000 -0.034463 0.999368 -0.008696 4.026600 0.026186 0.009601 0.999611 0.858500 0.000000 0.000000 0.000000 1.000000
0.998868 0.036861 -0.030065 -0.000000 -0.037097 0.999285 -0.007332 4.026600 0.029773 0.008439 0.999521 0.858500 0.000000 0.000000 0.000000 1.000000
0.998644 0.034570 -0.038928 -0.000000 -0.034604 0.999401 -0.000210 4.026600 0.038898 0.001556 0.999242 0.858500 0.000000 0.000000 0.000000 1.000000
0.998364 0.025385 -0.051236 0.000000 -0.025017 0.999656 0.007820 4.026600 0.051417 -0.006525 0.998656 0.858500 0.000000 0.000000 0.000000 1.000000
0.998035 0.016495 -0.060443 0.000000 -0.015828 0.999809 0.011497 4.026600 0.060621 -0.010518 0.998105 0.858500 0.000000 0.000000 0.000000 1.000000
0.998024 0.018824 -0.059951 -0.000000 -0.018252 0.999783 0.010075 4.026600 0.060127 -0.008961 0.998150 0.858500 0.000000 0.000000 0.000000 1.000000</float_array><technique_common><accessor source="#swat_Head-Matrix-animation-output-transform-array" count="21" stride="16"><param type="float4x4"/></accessor></technique_common></source><source id="swat_Head-Interpolations"><Name_array id="swat_Head-Interpolations-array" count="21">
 LINEAR LINEAR LINEAR LINEAR LINEAR LINEAR LINEAR LINEAR LINEAR LINEAR LINEAR
LINEAR LINEAR LINEAR LINEAR LINEAR LINEAR LINEAR LINEAR LINEAR LINEAR</Name_array><technique_common><accessor source="#swat_Head-Interpolations-array" count="21"><param type="name"/></accessor></technique_common></source><sampler id="swat_Head-Matrix-animation-transform"><input semantic="INPUT" source="#swat_Head-Matrix-animation-input"/><input semantic="OUTPUT" source="#swat_Head-Matrix-animation-output-transform"/><input semantic="INTERPOLATION" source="#swat_Head-Interpolations"/></sampler><channel source="#swat_Head-Matrix-animation-transform" target="swat_Head/matrix"/></animation>
    <animation id="swat_LeftShoulder-anim" name="swat_LeftShoulder"><source id="swat_LeftShoulder-Matrix-animation-input"><float_array id="swat_LeftShoulder-Matrix-animation-input-array" count="21">

0.000000 0.033333 0.066667 0.100000 0.133333 0.166667 0.200000 0.233333 0.266667 0.300000 0.333333 0.366667 0.400000 0.433333 0.466667 0.500000
0.533333 0.566667 0.600000 0.633333 0.666667</float_array><technique_common><accessor source="#swat_LeftShoulder-Matrix-animation-input-array" count="21"><param name="TIME" type="float"/></accessor></technique_common></source><source id="swat_LeftShoulder-Matrix-animation-output-transform"><float_array id="swat_LeftShoulder-Matrix-animation-output-transform-array" count="336">

0.957843 0.198662 -0.207531 6.144200 -0.204622 0.978813 -0.007433 10.187000 0.201658 0.049585 0.978200 -3.793200 0.000000 0.000000 0.000000 1.000000
0.959994 0.192622 -0.203246 6.144200 -0.198356 0.980097 -0.008031 10.187000 0.197654 0.048025 0.979095 -3.793200 0.000000 0.000000 0.000000 1.000000
0.963026 0.182279 -0.198382 6.144200 -0.187726 0.982182 -0.008837 10.187000 0.193237 0.045752 0.980085 -3.793200 0.000000 0.000000 0.000000 1.000000
0.962656 0.171173 -0.209743 6.144200 -0.177072 0.984152 -0.009529 10.187000 0.204788 0.046313 0.977710 -3.793200 0.000000 0.000000 0.000000 1.000000
0.958194 0.165100 -0.233678 6.144200 -0.172165 0.985017 -0.010022 10.187000 0.228522 0.049834 0.972262 -3.793200 0.000000 0.000000 0.000000 1.000000
0.952534 0.166705 -0.254731 6.144200 -0.174942 0.984529 -0.009863 10.187000 0.249145 0.053958 0.966962 -3.793200 0.000000 0.000000 0.000000 1.000000
0.947926 0.175481 -0.265786 6.144200 -0.184433 0.982805 -0.008897 10.187000 0.259654 0.057453 0.963991 -3.793200 0.000000 0.000000 0.000000 1.000000
0.943546 0.192178 -0.269795 6.144200 -0.201510 0.979461 -0.007057 10.187000 0.262897 0.061025 0.962892 -3.793200 0.000000 0.000000 0.000000 1.000000
0.938991 0.213279 -0.269829 6.144200 -0.222797 0.974853 -0.004774 10.187000 0.262025 0.064600 0.962897 -3.793200 0.000000 0.000000 0.000000 1.000000
0.935758 0.226608 -0.270195 6.144200 -0.236271 0.971681 -0.003340 10.187000 0.261787 0.066965 0.962800 -3.793200 0.000000 0.000000 0.000000 1.000000
0.935679 0.220114 -0.275780 6.144200 -0.230070 0.973167 -0.003857 10.187000 0.267531 0.067057 0.961213 -3.793200 0.000000 0.000000 0.000000 1.000000
0.938759 0.195653 -0.283639 6.144200 -0.205935 0.978544 -0.006587 10.187000 0.276265 0.064595 0.958908 -3.793200 0.000000 0.000000 0.000000 1.000000
0.944480 0.167993 -0.282377 6.144200 -0.178052 0.983969 -0.010152 10.187000 0.276145 0.059866 0.959250 -3.793200 0.000000 0.000000 0.000000 1.000000
0.952211 0.149702 -0.266239 6.144200 -0.158649 0.987259 -0.012291 10.187000 0.261006 0.053942 0.963829 -3.793200 0.000000 0.000000 0.000000 1.000000
0.959013 0.144029 -0.244029 6.144200 -0.151623 0.988359 -0.012525 10.187000 0.239384 0.049012 0.969687 -3.793200 0.000000 0.000000 0.000000 1.000000
0.961939 0.148457 -0.229420 6.144200 -0.155275 0.987800 -0.011856 10.187000 0.224861 0.047028 0.973255 -3.793200 0.000000 0.000000 0.000000 1.000000
0.960637 0.159485 -0.227465 6.144200 -0.166276 0.986019 -0.010883 10.187000 0.222549 0.048276 0.973725 -3.793200 0.000000 0.000000 0.000000 1.000000
0.956331 0.172783 -0.235747 6.144200 -0.180122 0.983596 -0.009788 10.187000 0.230189 0.051824 0.971765 -3.793200 0.000000 0.000000 0.000000 1.000000
0.951576 0.183230 -0.246839 6.144200 -0.191276 0.981497 -0.008810 10.187000 0.240657 0.055598 0.969016 -3.793200 0.000000 0.000000 0.000000 1.000000
0.951055 0.189839 -0.243837 6.144200 -0.197740 0.980221 -0.008110 10.187000 0.237474 0.055930 0.969782 -3.793200 0.000000 0.000000 0.000000 1.000000
0.957843 0.198662 -0.207531 6.144200 -0.204622 0.978813 -0.007433 10.187000 0.201658 0.049585 0.978200 -3.793200 0.000000 0.000000 0.000000 1.000000</float_array><technique_common><accessor source="#swat_LeftShoulder-Matrix-animation-output-transform-array" count="21" stride="16"><param type="float4x4"/></accessor></technique_common></source><source id="swat_LeftShoulder-Interpolations"><Name_array id="swat_LeftShoulder-Interpolations-array" count="21">
 LINEAR LINEAR LINEAR LINEAR LINEAR LINEAR LINEAR LINEAR LINEAR LINEAR LINEAR
LINEAR LINEAR LINEAR LINEAR LINEAR LINEAR LINEAR LINEAR LINEAR LINEAR</Name_array><technique_common><accessor source="#swat_LeftShoulder-Interpolations-array" count="21"><param type="name"/></accessor></technique_common></source><sampler id="swat_LeftShoulder-Matrix-animation-transform"><input semantic="INPUT" source="#swat_LeftShoulder-Matrix-animation-input"/><input semantic="OUTPUT" source="#swat_LeftShoulder-Matrix-animation-output-transform"/><input semantic="INTERPOLATION" source="#swat_LeftShoulder-Interpolations"/></sampler><channel source="#swat_LeftShoulder-Matrix-animation-transform" target="swat_LeftShoulder/matrix"/></animation>
    <animation id="swat_LeftArm-anim" name="swat_LeftArm"><source id="swat_LeftArm-Matrix-animation-input"><float_array id="swat_LeftArm-Matrix-animation-input-array" count="21">

0.000000 0.033333 0.066667 0.100000 0.133333 0.166667 0.200000 0.233333 0.266667 0.300000 0.333333 0.366667 0.400000 0.433333 0.466667 0.500000
0.533333 0.566667 0.600000 0.633333 0.666667</float_array><technique_common><accessor source="#swat_LeftArm-Matrix-animation-input-array" count="21"><param name="TIME" type="float"/></accessor></technique_common></source><source id="swat_LeftArm-Matrix-animation-output-transform"><float_array id="swat_LeftArm-Matrix-animation-output-transform-array" count="336">

0.493996 0.850682 0.179746 12.319100 -0.759393 0.522815 -0.387280 -1.113000 -0.423426 0.054817 0.904271 -1.793500 0.000000 0.000000 0.000000 1.000000
0.410351 0.895840 0.170539 12.319100 -0.824303 0.444365 -0.350805 -1.113000 -0.390046 0.003377 0.920789 -1.793500 0.000000 0.000000 0.000000 1.000000
0.344290 0.910335 0.229683 12.319100 -0.833205 0.409009 -0.372129 -1.113000 -0.432705 -0.063253 0.899314 -1.793500 0.000000 0.000000 0.000000 1.000000
0.320804 0.889758 0.324676 12.319100 -0.810623 0.435224 -0.391753 -1.113000 -0.489872 -0.137514 0.860880 -1.793500 0.000000 0.000000 0.000000 1.000000
