<?xml version="1.0" encoding="utf-8"?>
<COLLADA xmlns="http://www.collada.org/2005/11/COLLADASchema" version="1.4.1">
  <asset><contributor><author>Mixamo</author><authoring_tool>COLLADA Mixamo exporter</authoring_tool><comments></comments></contributor><created>2018-06-07T18:22:25Z</created><modified>2018-06-07T18:22:25Z</modified><revision></revision><title></title><unit meter="0.010000"/><up_axis>Y_UP</up_axis></asset>
  <library_animations>
    <animation id="swat_Hips-anim" name="swat_Hips"><source id="swat_Hips-Matrix-animation-input"><float_array id="swat_Hips-Matrix-animation-input-array" count="28">

0.000000 0.033333 0.066667 0.100000 0.133333 0.166667 0.200000 0.233333 0.266667 0.300000 0.333333 0.366667 0.400000 0.433333 0.466667 0.500000
0.533333 0.566667 0.600000 0.633333 0.666667 0.700000 0.733333 0.766667 0.800000 0.833333 0.866667 0.900000</float_array><technique_common><accessor source="#swat_Hips-Matrix-animation-input-array" count="28"><param name="TIME" type="float"/></accessor></technique_common></source><source id="swat_Hips-Matrix-animation-output-transform"><float_array id="swat_Hips-Matrix-animation-output-transform-array" count="448">

0.054681 0.028206 0.998105 -0.061489 -0.099122 0.994817 -0.022683 93.734154 -0.993572 -0.097694 0.057194 -0.008435 0.000000 0.000000 0.000000 1.000000
0.060496 0.028835 0.997752 -0.521969 -0.081580 0.996381 -0.023849 94.936203 -0.994829 -0.079953 0.062629 -0.233986 0.000000 0.000000 0.000000 1.000000
0.075147 0.030758 0.996698 -0.988732 -0.067110 0.997414 -0.025720 95.574516 -0.994912 -0.064956 0.077017 -0.531556 0.000000 0.000000 0.000000 1.000000
0.099460 0.036350 0.994377 -1.391542 -0.055377 0.997986 -0.030943 95.579727 -0.993499 -0.051988 0.101273 -0.879367 0.000000 0.000000 0.000000 1.000000
0.130583 0.046779 0.990333 -1.656347 -0.046110 0.998092 -0.041066 94.990356 -0.990365 -0.040302 0.132490 -1.241836 0.000000 0.000000 0.000000 1.000000
0.161895 0.059752 0.984997 -1.754337 -0.039032 0.997772 -0.054111 93.950050 -0.986036 -0.029686 0.163866 -1.583463 0.000000 0.000000 0.000000 1.000000
0.187168 0.070123 0.979822 -1.692624 -0.033896 0.997316 -0.064900 92.670685 -0.981743 -0.021065 0.189043 -1.881552 0.000000 0.000000 0.000000 1.000000
0.204053 0.072884 0.976243 -1.444243 -0.028806 0.997240 -0.068430 91.420364 -0.978536 -0.014158 0.205589 -2.135961 0.000000 0.000000 0.000000 1.000000
0.213748 0.065900 0.974664 -0.934089 -0.019661 0.997810 -0.063153 90.463287 -0.976691 -0.005664 0.214575 -2.387113 0.000000 0.000000 0.000000 1.000000
0.217389 0.050706 0.974767 -0.134925 -0.002505 0.998675 -0.051391 89.964073 -0.976082 0.008730 0.217228 -2.713523 0.000000 0.000000 0.000000 1.000000
0.213787 0.031546 0.976371 0.811222 0.022805 0.999045 -0.037272 89.961365 -0.976614 0.030234 0.212864 -3.179297 0.000000 0.000000 0.000000 1.000000
0.201846 0.013690 0.979322 1.607641 0.050822 0.998409 -0.024432 90.438118 -0.978098 0.054703 0.200829 -3.763832 0.000000 0.000000 0.000000 1.000000
0.184867 0.001156 0.982763 1.980255 0.072818 0.997234 -0.014871 91.330872 -0.980062 0.074312 0.184271 -4.343712 0.000000 0.000000 0.000000 1.000000
0.169978 -0.005245 0.985434 1.849760 0.082150 0.996581 -0.008866 92.505219 -0.982018 0.082460 0.169828 -4.762364 0.000000 0.000000 0.000000 1.000000
0.161739 -0.007176 0.986807 1.354687 0.078101 0.996930 -0.005551 93.724564 -0.983738 0.077968 0.161803 -4.923373 0.000000 0.000000 0.000000 1.000000
0.156946 -0.006259 0.987587 0.722473 0.065217 0.997863 -0.004040 94.691170 -0.985452 0.065041 0.157019 -4.830493 0.000000 0.000000 0.000000 1.000000
0.146897 -0.002934 0.989147 0.142742 0.049898 0.998744 -0.004448 95.148911 -0.987892 0.050010 0.146859 -4.552411 0.000000 0.000000 0.000000 1.000000
0.125153 0.002988 0.992133 -0.265229 0.037522 0.999266 -0.007743 94.960892 -0.991428 0.038196 0.124949 -4.168699 0.000000 0.000000 0.000000 1.000000
0.093123 0.011328 0.995590 -0.439756 0.031201 0.999411 -0.014290 94.141335 -0.995166 0.032395 0.092715 -3.745802 0.000000 0.000000 0.000000 1.000000
0.058808 0.020628 0.998056 -0.375647 0.030621 0.999279 -0.022457 92.871300 -0.997800 0.031883 0.058134 -3.332281 0.000000 0.000000 0.000000 1.000000
0.030959 0.027854 0.999132 -0.112824 0.030977 0.999105 -0.028814 91.480995 -0.999041 0.031842 0.030069 -2.941952 0.000000 0.000000 0.000000 1.000000
0.014542 0.029638 0.999455 0.287861 0.024371 0.999253 -0.029986 90.321564 -0.999597 0.024794 0.013809 -2.535920 0.000000 0.000000 0.000000 1.000000
0.010393 0.024777 0.999639 0.759528 0.005230 0.999678 -0.024832 89.618431 -0.999932 0.005486 0.010260 -2.048062 0.000000 0.000000 0.000000 1.000000
0.016593 0.015906 0.999736 1.196041 -0.024992 0.999568 -0.015489 89.422989 -0.999550 -0.024728 0.016983 -1.455142 0.000000 0.000000 0.000000 1.000000
0.028597 0.008255 0.999557 1.448516 -0.058036 0.998293 -0.006584 89.712242 -0.997905 -0.057822 0.029027 -0.830816 0.000000 0.000000 0.000000 1.000000
0.039556 0.006174 0.999198 1.378525 -0.084297 0.996437 -0.002819 90.451706 -0.995655 -0.084117 0.039935 -0.315740 0.000000 0.000000 0.000000 1.000000
0.043140 0.010652 0.999012 0.964135 -0.098432 0.995123 -0.006360 91.575699 -0.994208 -0.098060 0.043978 -0.022032 0.000000 0.000000 0.000000 1.000000
0.037512 0.019847 0.999099 0.316450 -0.101557 0.994702 -0.015947 92.964966 -0.994122 -0.100868 0.039328 0.047120 0.000000 0.000000 0.000000 1.000000</float_array><technique_common><accessor source="#swat_Hips-Matrix-animation-output-transform-array" count="28" stride="16"><param type="float4x4"/></accessor></technique_common></source><source id="swat_Hips-Interpolations"><Name_array id="swat_Hips-Interpolations-array" count="28">
 LINEAR LINEAR LINEAR LINEAR LINEAR LINEAR LINEAR LINEAR LINEAR LINEAR LINEAR
LINEAR LINEAR LINEAR LINEAR LINEAR LINEAR LINEAR LINEAR LINEAR LINEAR LINEAR LINEAR
LINEAR LINEAR LINEAR LINEAR LINEAR</Name_array><technique_common><accessor source="#swat_Hips-Interpolations-array" count="28"><param type="name"/></accessor></technique_common></source><sampler id="swat_Hips-Matrix-animation-transform"><input semantic="INPUT" source="#swat_Hips-Matrix-animation-input"/><input semantic="OUTPUT" source="#swat_Hips-Matrix-animation-output-transform"/><input semantic="INTERPOLATION" source="#swat_Hips-Interpolations"/></sampler><channel source="#swat_Hips-Matrix-animation-transform" target="swat_Hips/matrix"/></animation>
    <animation id="swat_Spine-anim" name="swat_Spine"><source id="swat_Spine-Matrix-animation-input"><float_array id="swat_Spine-Matrix-animation-input-array" count="28">

0.000000 0.033333 0.066667 0.100000 0.133333 0.166667 0.200000 0.233333 0.266667 0.300000 0.333333 0.366667 0.400000 0.433333 0.466667 0.500000
0.533333 0.566667 0.600000 0.633333 0.666667 0.700000 0.733333 0.766667 0.800000 0.833333 0.866667 0.900000</float_array><technique_common><accessor source="#swat_Spine-Matrix-animation-input-array" count="28"><param name="TIME" type="float"/></accessor></technique_common></source><source id="swat_Spine-Matrix-animation-output-transform"><float_array id="swat_Spine-Matrix-animation-output-transform-array" count="448">

0.976343 -0.087000 -0.197951 0.000000 0.071628 0.993926 -0.083549 9.226300 0.204017 0.067394 0.976645 1.577100 0.000000 0.000000 0.000000 1.000000
0.982147 -0.067206 -0.175698 0.000000 0.054541 0.995619 -0.075950 9.226300 0.180032 0.065012 0.981510 1.577100 0.000000 0.000000 0.000000 1.000000
0.987242 -0.053226 -0.150065 0.000000 0.042872 0.996525 -0.071408 9.226300 0.153344 0.064064 0.986094 1.577100 0.000000 0.000000 0.000000 1.000000
0.991511 -0.045018 -0.121980 0.000000 0.036962 0.997033 -0.067523 9.226300 0.124658 0.062441 0.990233 1.577100 0.000000 0.000000 0.000000 1.000000
0.994724 -0.041615 -0.093770 0.000000 0.035885 0.997432 -0.061980 9.226300 0.096109 0.058288 0.993663 1.577100 0.000000 0.000000 0.000000 1.000000
0.996801 -0.040793 -0.068725 0.000000 0.037067 0.997818 -0.054645 9.226300 0.070804 0.051922 0.996138 1.577100 0.000000 0.000000 0.000000 1.000000
0.997967 -0.040017 -0.049598 0.000000 0.037654 0.998152 -0.047694 9.226300 0.051415 0.045730 0.997630 1.577100 0.000000 0.000000 0.000000 1.000000
0.998626 -0.036166 -0.037914 0.000000 0.034534 0.998485 -0.042837 9.226300 0.039406 0.041469 0.998362 1.577100 0.000000 0.000000 0.000000 1.000000
0.999071 -0.026207 -0.034207 0.000000 0.024843 0.998902 -0.039708 9.226300 0.035210 0.038822 0.998626 1.577100 0.000000 0.000000 0.000000 1.000000
0.999220 -0.009324 -0.038371 -0.000000 0.007883 0.999264 -0.037540 9.226300 0.038693 0.037208 0.998558 1.577100 0.000000 0.000000 0.000000 1.000000
0.998719 0.011554 -0.049256 0.000000 -0.013397 0.999216 -0.037244 9.226300 0.048788 0.037857 0.998092 1.577100 0.000000 0.000000 0.000000 1.000000
0.997486 0.030434 -0.063999 0.000000 -0.033068 0.998632 -0.040511 9.226300 0.062678 0.042525 0.997127 1.577100 0.000000 0.000000 0.000000 1.000000
0.996065 0.041027 -0.078560 0.000000 -0.044818 0.997883 -0.047121 9.226300 0.076461 0.050456 0.995795 1.577100 0.000000 0.000000 0.000000 1.000000
0.995097 0.040248 -0.090348 0.000000 -0.045286 0.997491 -0.054414 9.226300 0.087931 0.058238 0.994423 1.577100 0.000000 0.000000 0.000000 1.000000
0.994491 0.029944 -0.100456 -0.000000 -0.036068 0.997564 -0.059712 9.226300 0.098423 0.063006 0.993148 1.577100 0.000000 0.000000 0.000000 1.000000
0.993518 0.015642 -0.112589 0.000000 -0.022789 0.997786 -0.062483 9.226300 0.111363 0.064643 0.991675 1.577100 0.000000 0.000000 0.000000 1.000000
0.991572 0.003654 -0.129508 0.000000 -0.011997 0.997897 -0.063701 9.226300 0.129003 0.064718 0.989530 1.577100 0.000000 0.000000 0.000000 1.000000
0.988563 -0.001630 -0.150802 0.000000 -0.008095 0.997926 -0.063853 9.226300 0.150594 0.064343 0.986500 1.577100 0.000000 0.000000 0.000000 1.000000
0.984787 0.000709 -0.173767 0.000000 -0.011732 0.997981 -0.062419 9.226300 0.173372 0.063508 0.982807 1.577100 0.000000 0.000000 0.000000 1.000000
0.980707 0.007416 -0.195345 0.000000 -0.019340 0.998058 -0.059205 9.226300 0.194527 0.061841 0.978946 1.577100 0.000000 0.000000 0.000000 1.000000
0.976994 0.011713 -0.212945 0.000000 -0.024068 0.998168 -0.055519 9.226300 0.211905 0.059367 0.975485 1.577100 0.000000 0.000000 0.000000 1.000000
0.974420 0.006188 -0.224651 0.000000 -0.018760 0.998372 -0.053869 9.226300 0.223952 0.056705 0.972949 1.577100 0.000000 0.000000 0.000000 1.000000
0.973116 -0.012229 -0.229991 0.000000 -0.000804 0.998403 -0.056485 9.226300 0.230315 0.055152 0.971552 1.577100 0.000000 0.000000 0.000000 1.000000
0.972295 -0.039675 -0.230366 0.000000 0.025568 0.997628 -0.063904 9.226300 0.232355 0.056244 0.971003 1.577100 0.000000 0.000000 0.000000 1.000000
0.971374 -0.067337 -0.227811 0.000000 0.051639 0.995906 -0.074189 9.226300 0.231874 0.060301 0.970875 1.577100 0.000000 0.000000 0.000000 1.000000
0.970926 -0.086838 -0.223074 0.000000 0.069726 0.994066 -0.083488 9.226300 0.229001 0.065506 0.971220 1.577100 0.000000 0.000000 0.000000 1.000000
0.971918 -0.094408 -0.215554 -0.000000 0.076935 0.993138 -0.088077 9.226300 0.222390 0.069020 0.972512 1.577100 0.000000 0.000000 0.000000 1.000000
0.974479 -0.091845 -0.204830 0.000000 0.075374 0.993368 -0.086828 9.226300 0.211447 0.069173 0.974939 1.577100 0.000000 0.000000 0.000000 1.000000</float_array><technique_common><accessor source="#swat_Spine-Matrix-animation-output-transform-array" count="28" stride="16"><param type="float4x4"/></accessor></technique_common></source><source id="swat_Spine-Interpolations"><Name_array id="swat_Spine-Interpolations-array" count="28">
 LINEAR LINEAR LINEAR LINEAR LINEAR LINEAR LINEAR LINEAR LINEAR LINEAR LINEAR
LINEAR LINEAR LINEAR LINEAR LINEAR LINEAR LINEAR LINEAR LINEAR LINEAR LINEAR LINEAR
LINEAR LINEAR LINEAR LINEAR LINEAR</Name_array><technique_common><accessor source="#swat_Spine-Interpolations-array" count="28"><param type="name"/></accessor></technique_common></source><sampler id="swat_Spine-Matrix-animation-transform"><input semantic="INPUT" source="#swat_Spine-Matrix-animation-input"/><input semantic="OUTPUT" source="#swat_Spine-Matrix-animation-output-transform"/><input semantic="INTERPOLATION" source="#swat_Spine-Interpolations"/></sampler><channel source="#swat_Spine-Matrix-animation-transform" target="swat_Spine/matrix"/></animation>
    <animation id="swat_Spine1-anim" name="swat_Spine1"><source id="swat_Spine1-Matrix-animation-input"><float_array id="swat_Spine1-Matrix-animation-input-array" count="28">

0.000000 0.033333 0.066667 0.100000 0.133333 0.166667 0.200000 0.233333 0.266667 0.300000 0.333333 0.366667 0.400000 0.433333 0.466667 0.500000
0.533333 0.566667 0.600000 0.633333 0.666667 0.700000 0.733333 0.766667 0.800000 0.833333 0.866667 0.900000</float_array><technique_common><accessor source="#swat_Spine1-Matrix-animation-input-array" count="28"><param name="TIME" type="float"/></accessor></technique_common></source><source id="swat_Spine1-Matrix-animation-output-transform"><float_array id="swat_Spine1-Matrix-animation-output-transform-array" count="448">

0.956600 -0.045077 -0.287896 0.000000 0.037268 0.998775 -0.032550 16.254000 0.289011 0.020408 0.957108 -0.165600 0.000000 0.000000 0.000000 1.000000
0.958851 -0.041856 -0.280809 0.000000 0.034416 0.998915 -0.031376 16.254000 0.281817 0.020420 0.959251 -0.165600 0.000000 0.000000 0.000000 1.000000
0.961280 -0.039787 -0.272685 0.000000 0.032526 0.998987 -0.031097 16.254000 0.273646 0.021024 0.961601 -0.165600 0.000000 0.000000 0.000000 1.000000
0.963751 -0.038665 -0.263988 -0.000000 0.031756 0.999034 -0.030390 16.254000 0.264908 0.020906 0.964047 -0.165600 0.000000 0.000000 0.000000 1.000000
0.966030 -0.038084 -0.255607 -0.000000 0.031976 0.999096 -0.028012 16.254000 0.256443 0.018887 0.966375 -0.165600 0.000000 0.000000 0.000000 1.000000
0.967901 -0.037714 -0.248488 0.000000 0.032754 0.999174 -0.024066 16.254000 0.249190 0.015155 0.968336 -0.165600 0.000000 0.000000 0.000000 1.000000
0.969278 -0.037455 -0.243101 0.000000 0.033535 0.999232 -0.020245 16.254000 0.243673 0.011471 0.969790 -0.165600 0.000000 0.000000 0.000000 1.000000
0.970193 -0.037076 -0.239481 0.000000 0.033669 0.999265 -0.018301 16.254000 0.239984 0.009692 0.970729 -0.165600 0.000000 0.000000 0.000000 1.000000
0.970675 -0.035926 -0.237696 0.000000 0.032464 0.999302 -0.018465 16.254000 0.238193 0.010207 0.971164 -0.165600 0.000000 0.000000 0.000000 1.000000
0.970672 -0.033349 -0.238084 0.000000 0.029536 0.999372 -0.019568 16.254000 0.238587 0.011962 0.971047 -0.165600 0.000000 0.000000 0.000000 1.000000
0.970130 -0.029493 -0.240787 0.000000 0.025294 0.999470 -0.020513 16.254000 0.241264 0.013810 0.970361 -0.165600 0.000000 0.000000 0.000000 1.000000
0.969169 -0.025627 -0.245061 0.000000 0.021059 0.999553 -0.021242 16.254000 0.245496 0.015426 0.969275 -0.165600 0.000000 0.000000 0.000000 1.000000
0.968108 -0.023442 -0.249435 -0.000000 0.018451 0.999580 -0.022327 16.254000 0.249854 0.017012 0.968134 -0.165600 0.000000 0.000000 0.000000 1.000000
0.967199 -0.023843 -0.252900 0.000000 0.018339 0.999541 -0.024099 16.254000 0.253358 0.018671 0.967192 -0.165600 0.000000 0.000000 0.000000 1.000000
0.966346 -0.026339 -0.255893 0.000000 0.020250 0.999446 -0.026402 16.254000 0.256447 0.020332 0.966344 -0.165600 0.000000 0.000000 0.000000 1.000000
0.965202 -0.029550 -0.259831 0.000000 0.022840 0.999324 -0.028810 16.254000 0.260507 0.021873 0.965224 -0.165600 0.000000 0.000000 0.000000 1.000000
0.963541 -0.032222 -0.265613 0.000000 0.024960 0.999218 -0.030672 16.254000 0.266394 0.022924 0.963592 -0.165600 0.000000 0.000000 0.000000 1.000000
0.961487 -0.033763 -0.272770 0.000000 0.026267 0.999171 -0.031087 16.254000 0.273593 0.022725 0.961577 -0.165600 0.000000 0.000000 0.000000 1.000000
0.959384 -0.034106 -0.280034 -0.000000 0.026947 0.999205 -0.029376 16.254000 0.280813 0.020637 0.959540 -0.165600 0.000000 0.000000 0.000000 1.000000
0.957524 -0.033505 -0.286401 0.000000 0.027212 0.999293 -0.025926 16.254000 0.287067 0.017032 0.957759 -0.165600 0.000000 0.000000 0.000000 1.000000
0.956025 -0.032621 -0.291466 -0.000000 0.027266 0.999377 -0.022416 16.254000 0.292016 0.013483 0.956319 -0.165600 0.000000 0.000000 0.000000 1.000000
0.954922 -0.032532 -0.295070 0.000000 0.027591 0.999401 -0.020893 16.254000 0.295573 0.011810 0.955247 -0.165600 0.000000 0.000000 0.000000 1.000000
0.954247 -0.034191 -0.297060 0.000000 0.028837 0.999333 -0.022389 16.254000 0.297627 0.012798 0.954596 -0.165600 0.000000 0.000000 0.000000 1.000000
0.953993 -0.037653 -0.297455 0.000000 0.031242 0.999166 -0.026278 16.254000 0.298197 0.015776 0.954374 -0.165600 0.000000 0.000000 0.000000 1.000000
0.954092 -0.041838 -0.296577 0.000000 0.034235 0.998940 -0.030786 16.254000 0.297551 0.019220 0.954512 -0.165600 0.000000 0.000000 0.000000 1.000000
0.954478 -0.045166 -0.294842 0.000000 0.036740 0.998744 -0.034059 16.254000 0.296010 0.021676 0.954939 -0.165600 0.000000 0.000000 0.000000 1.000000
0.955136 -0.046563 -0.292483 0.000000 0.037948 0.998664 -0.035063 16.254000 0.293725 0.022391 0.955628 -0.165600 0.000000 0.000000 0.000000 1.000000
0.956042 -0.046051 -0.289592 0.000000 0.037830 0.998708 -0.033925 16.254000 0.290780 0.021478 0.956549 -0.165600 0.000000 0.000000 0.000000 1.000000</float_array><technique_common><accessor source="#swat_Spine1-Matrix-animation-output-transform-array" count="28" stride="16"><param type="float4x4"/></accessor></technique_common></source><source id="swat_Spine1-Interpolations"><Name_array id="swat_Spine1-Interpolations-array" count="28">
 LINEAR LINEAR LINEAR LINEAR LINEAR LINEAR LINEAR LINEAR LINEAR LINEAR LINEAR
LINEAR LINEAR LINEAR LINEAR LINEAR LINEAR LINEAR LINEAR LINEAR LINEAR LINEAR LINEAR
LINEAR LINEAR LINEAR LINEAR LINEAR</Name_array><technique_common><accessor source="#swat_Spine1-Interpolations-array" count="28"><param type="name"/></accessor></technique_common></source><sampler id="swat_Spine1-Matrix-animation-transform"><input semantic="INPUT" source="#swat_Spine1-Matrix-animation-input"/><input semantic="OUTPUT" source="#swat_Spine1-Matrix-animation-output-transform"/><input semantic="INTERPOLATION" source="#swat_Spine1-Interpolations"/></sampler><channel source="#swat_Spine1-Matrix-animation-transform" target="swat_Spine1/matrix"/></animation>
    <animation id="swat_Spine2-anim" name="swat_Spine2"><source id="swat_Spine2-Matrix-animation-input"><float_array id="swat_Spine2-Matrix-animation-input-array" count="28">

0.000000 0.033333 0.066667 0.100000 0.133333 0.166667 0.200000 0.233333 0.266667 0.300000 0.333333 0.366667 0.400000 0.433333 0.466667 0.500000
0.533333 0.566667 0.600000 0.633333 0.666667 0.700000 0.733333 0.766667 0.800000 0.833333 0.866667 0.900000</float_array><technique_common><accessor source="#swat_Spine2-Matrix-animation-input-array" count="28"><param name="TIME" type="float"/></accessor></technique_common></source><source id="swat_Spine2-Matrix-animation-output-transform"><float_array id="swat_Spine2-Matrix-animation-output-transform-array" count="448">

0.956502 -0.050091 -0.287392 0.000000 0.043366 0.998617 -0.029724 13.639600 0.288484 0.015968 0.957352 -1.292300 0.000000 0.000000 0.000000 1.000000
0.958780 -0.046868 -0.280257 0.000000 0.040465 0.998772 -0.028593 13.639600 0.281253 0.016074 0.959499 -1.292300 0.000000 0.000000 0.000000 1.000000
0.961233 -0.044819 -0.272070 0.000000 0.038553 0.998855 -0.028337 13.639600 0.273028 0.016749 0.961860 -1.292300 0.000000 0.000000 0.000000 1.000000
0.963721 -0.043728 -0.263304 -0.000000 0.037780 0.998904 -0.027614 13.639600 0.264223 0.016665 0.964318 -1.292300 0.000000 0.000000 0.000000 1.000000
0.966012 -0.043165 -0.254868 -0.000000 0.037995 0.998961 -0.025176 13.639600 0.255690 0.014637 0.966648 -1.292300 0.000000 0.000000 0.000000 1.000000
0.967887 -0.042781 -0.247719 0.000000 0.038746 0.999025 -0.021144 13.639600 0.248382 0.010867 0.968601 -1.292300 0.000000 0.000000 0.000000 1.000000
0.969263 -0.042493 -0.242331 0.000000 0.039488 0.999071 -0.017246 13.639600 0.242839 0.007147 0.970040 -1.292300 0.000000 0.000000 0.000000 1.000000
0.970171 -0.042108 -0.238735 -0.000000 0.039607 0.999099 -0.015267 13.639600 0.239162 0.005356 0.970965 -1.292300 0.000000 0.000000 0.000000 1.000000
0.970647 -0.041001 -0.236989 0.000000 0.038433 0.999142 -0.015447 13.639600 0.237419 0.005885 0.971390 -1.292300 0.000000 0.000000 0.000000 1.000000
0.970646 -0.038490 -0.237412 0.000000 0.035564 0.999230 -0.016598 13.639600 0.237868 0.007667 0.971267 -1.292300 0.000000 0.000000 0.000000 1.000000
0.970124 -0.034669 -0.240121 0.000000 0.031361 0.999353 -0.017588 13.639600 0.240575 0.009532 0.970584 -1.292300 0.000000 0.000000 0.000000 1.000000
0.969196 -0.030785 -0.244361 0.000000 0.027122 0.999464 -0.018343 13.639600 0.244795 0.011151 0.969511 -1.292300 0.000000 0.000000 0.000000 1.000000
0.968167 -0.028551 -0.248672 0.000000 0.024482 0.999511 -0.019440 13.639600 0.249106 0.012733 0.968393 -1.292300 0.000000 0.000000 0.000000 1.000000
0.967276 -0.028911 -0.252074 0.000000 0.024341 0.999478 -0.021229 13.639600 0.252556 0.014399 0.967475 -1.292300 0.000000 0.000000 0.000000 1.000000
0.966423 -0.031385 -0.255032 0.000000 0.026236 0.999378 -0.023568 13.639600 0.255613 0.016086 0.966645 -1.292300 0.000000 0.000000 0.000000 1.000000
0.965264 -0.034567 -0.258978 0.000000 0.028801 0.999246 -0.026029 13.639600 0.259683 0.017666 0.965532 -1.292300 0.000000 0.000000 0.000000 1.000000
0.963585 -0.037190 -0.264804 0.000000 0.030881 0.999132 -0.027947 13.639600 0.265614 0.018752 0.963897 -1.292300 0.000000 0.000000 0.000000 1.000000
0.961513 -0.038694 -0.272020 0.000000 0.032169 0.999079 -0.028406 13.639600 0.272868 0.018562 0.961872 -1.292300 0.000000 0.000000 0.000000 1.000000
0.959398 -0.039071 -0.279336 -0.000000 0.032906 0.999101 -0.026728 13.639600 0.280129 0.016451 0.959821 -1.292300 0.000000 0.000000 0.000000 1.000000
0.957532 -0.038587 -0.285735 0.000000 0.033310 0.999173 -0.023309 13.639600 0.286398 0.012801 0.958025 -1.292300 0.000000 0.000000 0.000000 1.000000
0.956032 -0.037835 -0.290813 0.000000 0.033513 0.999242 -0.019830 13.639600 0.291342 0.009213 0.956574 -1.292300 0.000000 0.000000 0.000000 1.000000
0.954928 -0.037789 -0.294423 0.000000 0.033892 0.999257 -0.018328 13.639600 0.294897 0.007524 0.955499 -1.292300 0.000000 0.000000 0.000000 1.000000
0.954243 -0.039363 -0.296430 0.000000 0.035062 0.999189 -0.019813 13.639600 0.296970 0.008513 0.954849 -1.292300 0.000000 0.000000 0.000000 1.000000
0.953967 -0.042672 -0.296861 0.000000 0.037327 0.999023 -0.023651 13.639600 0.297580 0.011482 0.954628 -1.292300 0.000000 0.000000 0.000000 1.000000
0.954035 -0.046738 -0.296030 0.000000 0.040217 0.998796 -0.028082 13.639600 0.296986 0.014886 0.954766 -1.292300 0.000000 0.000000 0.000000 1.000000
0.954391 -0.050036 -0.294336 0.000000 0.042706 0.998598 -0.031282 13.639600 0.295488 0.017285 0.955190 -1.292300 0.000000 0.000000 0.000000 1.000000
0.955033 -0.051477 -0.291997 0.000000 0.043962 0.998513 -0.032242 13.639600 0.293222 0.017955 0.955876 -1.292300 0.000000 0.000000 0.000000 1.000000
0.955937 -0.051035 -0.289100 -0.000000 0.043907 0.998552 -0.031092 13.639600 0.290268 0.017029 0.956794 -1.292300 0.000000 0.000000 0.000000 1.000000</float_array><technique_common><accessor source="#swat_Spine2-Matrix-animation-output-transform-array" count="28" stride="16"><param type="float4x4"/></accessor></technique_common></source><source id="swat_Spine2-Interpolations"><Name_array id="swat_Spine2-Interpolations-array" count="28">
 LINEAR LINEAR LINEAR LINEAR LINEAR LINEAR LINEAR LINEAR LINEAR LINEAR LINEAR
LINEAR LINEAR LINEAR LINEAR LINEAR LINEAR LINEAR LINEAR LINEAR LINEAR LINEAR LINEAR
LINEAR LINEAR LINEAR LINEAR LINEAR</Name_array><technique_common><accessor source="#swat_Spine2-Interpolations-array" count="28"><param type="name"/></accessor></technique_common></source><sampler id="swat_Spine2-Matrix-animation-transform"><input semantic="INPUT" source="#swat_Spine2-Matrix-animation-input"/><input semantic="OUTPUT" source="#swat_Spine2-Matrix-animation-output-transform"/><input semantic="INTERPOLATION" source="#swat_Spine2-Interpolations"/></sampler><channel source="#swat_Spine2-Matrix-animation-transform" target="swat_Spine2/matrix"/></animation>
    <animation id="swat_Neck-anim" name="swat_Neck"><source id="swat_Neck-Matrix-animation-input"><float_array id="swat_Neck-Matrix-animation-input-array" count="28">

0.000000 0.033333 0.066667 0.100000 0.133333 0.166667 0.200000 0.233333 0.266667 0.300000 0.333333 0.366667 0.400000 0.433333 0.466667 0.500000
0.533333 0.566667 0.600000 0.633333 0.666667 0.700000 0.733333 0.766667 0.800000 0.833333 0.866667 0.900000</float_array><technique_common><accessor source="#swat_Neck-Matrix-animation-input-array" count="28"><param name="TIME" type="float"/></accessor></technique_common></source><source id="swat_Neck-Matrix-animation-output-transform"><float_array id="swat_Neck-Matrix-animation-output-transform-array" count="448">

0.998886 -0.008206 -0.046460 0.000000 0.006804 0.999519 -0.030261 13.877400 0.046686 0.029911 0.998462 -4.354200 0.000000 0.000000 0.000000 1.000000
0.998735 -0.010000 -0.049279 0.000000 0.008237 0.999323 -0.035846 13.877400 0.049604 0.035394 0.998142 -4.354200 0.000000 0.000000 0.000000 1.000000
0.998594 -0.010632 -0.051931 0.000000 0.008593 0.999189 -0.039337 13.877400 0.052307 0.038835 0.997876 -4.354200 0.000000 0.000000 0.000000 1.000000
0.998491 -0.009364 -0.054109 0.000000 0.007173 0.999152 -0.040538 13.877400 0.054443 0.040089 0.997712 -4.354200 0.000000 0.000000 0.000000 1.000000
0.998435 -0.005954 -0.055600 0.000000 0.003750 0.999206 -0.039659 13.877400 0.055792 0.039388 0.997665 -4.354200 0.000000 0.000000 0.000000 1.000000
0.998404 -0.001388 -0.056464 0.000000 -0.000731 0.999297 -0.037495 13.877400 0.056476 0.037476 0.997700 -4.354200 0.000000 0.000000 0.000000 1.000000
0.998375 0.002280 -0.056944 0.000000 -0.004293 0.999369 -0.035251 13.877400 0.056827 0.035439 0.997755 -4.354200 0.000000 0.000000 0.000000 1.000000
0.998356 0.003111 -0.057231 -0.000000 -0.005070 0.999405 -0.034115 13.877400 0.057091 0.034349 0.997778 -4.354200 0.000000 0.000000 0.000000 1.000000
0.998354 0.000778 -0.057340 0.000000 -0.002753 0.999405 -0.034371 13.877400 0.057279 0.034472 0.997763 -4.354200 0.000000 0.000000 0.000000 1.000000
0.998360 -0.002927 -0.057173 0.000000 0.000933 0.999391 -0.034870 13.877400 0.057241 0.034760 0.997755 -4.354200 0.000000 0.000000 0.000000 1.000000
0.998378 -0.005254 -0.056687 -0.000000 0.003333 0.999419 -0.033922 13.877400 0.056833 0.033678 0.997816 -4.354200 0.000000 0.000000 0.000000 1.000000
0.998422 -0.004482 -0.055982 0.000000 0.002739 0.999510 -0.031176 13.877400 0.056094 0.030973 0.997945 -4.354200 0.000000 0.000000 0.000000 1.000000
0.998477 -0.001060 -0.055161 0.000000 -0.000512 0.999595 -0.028464 13.877400 0.055169 0.028449 0.998072 -4.354200 0.000000 0.000000 0.000000 1.000000
0.998533 0.003024 -0.054062 0.000000 -0.004561 0.999588 -0.028324 13.877400 0.053954 0.028529 0.998136 -4.354200 0.000000 0.000000 0.000000 1.000000
0.998613 0.005877 -0.052318 0.000000 -0.007536 0.999473 -0.031566 13.877400 0.052105 0.031916 0.998131 -4.354200 0.000000 0.000000 0.000000 1.000000
0.998734 0.006801 -0.049838 0.000000 -0.008624 0.999299 -0.036441 13.877400 0.049555 0.036825 0.998092 -4.354200 0.000000 0.000000 0.000000 1.000000
0.998871 0.006152 -0.047114 0.000000 -0.008048 0.999161 -0.040155 13.877400 0.046827 0.040489 0.998082 -4.354200 0.000000 0.000000 0.000000 1.000000
0.998980 0.004600 -0.044922 0.000000 -0.006443 0.999140 -0.040969 13.877400 0.044695 0.041216 0.998150 -4.354200 0.000000 0.000000 0.000000 1.000000
0.999042 0.002767 -0.043671 0.000000 -0.004472 0.999230 -0.038987 13.877400 0.043530 0.039145 0.998285 -4.354200 0.000000 0.000000 0.000000 1.000000
0.999069 0.001365 -0.043117 0.000000 -0.002896 0.999367 -0.035459 13.877400 0.043042 0.035551 0.998441 -4.354200 0.000000 0.000000 0.000000 1.000000
0.999087 0.001163 -0.042705 0.000000 -0.002519 0.999494 -0.031706 13.877400 0.042646 0.031784 0.998585 -4.354200 0.000000 0.000000 0.000000 1.000000
0.999110 0.002394 -0.042114 -0.000000 -0.003599 0.999586 -0.028552 13.877400 0.042028 0.028678 0.998705 -4.354200 0.000000 0.000000 0.000000 1.000000
0.999133 0.004212 -0.041417 0.000000 -0.005304 0.999640 -0.026301 13.877400 0.041292 0.026498 0.998796 -4.354200 0.000000 0.000000 0.000000 1.000000
0.999152 0.005045 -0.040876 0.000000 -0.006069 0.999670 -0.024960 13.877400 0.040736 0.025187 0.998852 -4.354200 0.000000 0.000000 0.000000 1.000000
0.999162 0.003770 -0.040746 -0.000000 -0.004771 0.999688 -0.024499 13.877400 0.040641 0.024673 0.998869 -4.354200 0.000000 0.000000 0.000000 1.000000
0.999147 0.000581 -0.041280 0.000000 -0.001614 0.999687 -0.024984 13.877400 0.041253 0.025029 0.998835 -4.354200 0.000000 0.000000 0.000000 1.000000
0.999083 -0.003322 -0.042688 0.000000 0.002193 0.999647 -0.026468 13.877400 0.042761 0.026350 0.998738 -4.354200 0.000000 0.000000 0.000000 1.000000
0.998965 -0.006859 -0.044958 0.000000 0.005567 0.999570 -0.028792 13.877400 0.045136 0.028511 0.998574 -4.354200 0.000000 0.000000 0.000000 1.000000</float_array><technique_common><accessor source="#swat_Neck-Matrix-animation-output-transform-array" count="28" stride="16"><param type="float4x4"/></accessor></technique_common></source><source id="swat_Neck-Interpolations"><Name_array id="swat_Neck-Interpolations-array" count="28">
 LINEAR LINEAR LINEAR LINEAR LINEAR LINEAR LINEAR LINEAR LINEAR LINEAR LINEAR
LINEAR LINEAR LINEAR LINEAR LINEAR LINEAR LINEAR LINEAR LINEAR LINEAR LINEAR LINEAR
LINEAR LINEAR LINEAR LINEAR LINEAR</Name_array><technique_common><accessor source="#swat_Neck-Interpolations-array" count="28"><param type="name"/></accessor></technique_common></source><sampler id="swat_Neck-Matrix-animation-transform"><input semantic="INPUT" source="#swat_Neck-Matrix-animation-input"/><input semantic="OUTPUT" source="#swat_Neck-Matrix-animation-output-transform"/><input semantic="INTERPOLATION" source="#swat_Neck-Interpolations"/></sampler><channel source="#swat_Neck-Matrix-animation-transform" target="swat_Neck/matrix"/></animation>
    <animation id="swat_Neck1-anim" name="swat_Neck1"><source id="swat_Neck1-Matrix-animation-input"><float_array id="swat_Neck1-Matrix-animation-input-array" count="28">

0.000000 0.033333 0.066667 0.100000 0.133333 0.166667 0.200000 0.233333 0.266667 0.300000 0.333333 0.366667 0.400000 0.433333 0.466667 0.500000
0.533333 0.566667 0.600000 0.633333 0.666667 0.700000 0.733333 0.766667 0.800000 0.833333 0.866667 0.900000</float_array><technique_common><accessor source="#swat_Neck1-Matrix-animation-input-array" count="28"><param name="TIME" type="float"/></accessor></technique_common></source><source id="swat_Neck1-Matrix-animation-output-transform"><float_array id="swat_Neck1-Matrix-animation-output-transform-array" count="448">

0.998886 -0.008206 -0.046460 0.000000 0.006804 0.999519 -0.030261 4.340000 0.046686 0.029911 0.998462 0.926900 0.000000 0.000000 0.000000 1.000000
0.998735 -0.010000 -0.049279 0.000000 0.008237 0.999323 -0.035846 4.340000 0.049604 0.035395 0.998142 0.926900 0.000000 0.000000 0.000000 1.000000
0.998594 -0.010632 -0.051931 0.000000 0.008593 0.999189 -0.039338 4.340000 0.052307 0.038837 0.997876 0.926900 0.000000 0.000000 0.000000 1.000000
0.998491 -0.009364 -0.054109 0.000000 0.007174 0.999152 -0.040538 4.340000 0.054443 0.040089 0.997712 0.926900 0.000000 0.000000 0.000000 1.000000
0.998435 -0.005953 -0.055600 0.000000 0.003749 0.999206 -0.039659 4.340000 0.055792 0.039388 0.997665 0.926900 0.000000 0.000000 0.000000 1.000000
0.998404 -0.001388 -0.056464 0.000000 -0.000732 0.999297 -0.037495 4.340000 0.056476 0.037476 0.997700 0.926900 0.000000 0.000000 0.000000 1.000000
0.998375 0.002280 -0.056944 0.000000 -0.004293 0.999369 -0.035252 4.340000 0.056827 0.035439 0.997755 0.926900 0.000000 0.000000 0.000000 1.000000
0.998356 0.003111 -0.057231 0.000000 -0.005070 0.999405 -0.034114 4.340000 0.057091 0.034348 0.997778 0.926900 0.000000 0.000000 0.000000 1.000000
0.998354 0.000778 -0.057341 0.000000 -0.002753 0.999405 -0.034371 4.340000 0.057280 0.034472 0.997763 0.926900 0.000000 0.000000 0.000000 1.000000
0.998360 -0.002927 -0.057173 -0.000000 0.000933 0.999391 -0.034870 4.340000 0.057241 0.034760 0.997755 0.926900 0.000000 0.000000 0.000000 1.000000
0.998378 -0.005254 -0.056687 0.000000 0.003333 0.999419 -0.033922 4.340000 0.056832 0.033678 0.997816 0.926900 0.000000 0.000000 0.000000 1.000000
0.998422 -0.004482 -0.055982 -0.000000 0.002739 0.999510 -0.031176 4.340000 0.056094 0.030974 0.997945 0.926900 0.000000 0.000000 0.000000 1.000000
0.998477 -0.001060 -0.055162 0.000000 -0.000512 0.999595 -0.028465 4.340000 0.055169 0.028450 0.998072 0.926900 0.000000 0.000000 0.000000 1.000000
0.998533 0.003024 -0.054062 0.000000 -0.004561 0.999588 -0.028324 4.340000 0.053954 0.028529 0.998136 0.926900 0.000000 0.000000 0.000000 1.000000
0.998613 0.005877 -0.052318 0.000000 -0.007536 0.999473 -0.031566 4.340000 0.052105 0.031916 0.998131 0.926900 0.000000 0.000000 0.000000 1.000000
0.998734 0.006801 -0.049838 0.000000 -0.008624 0.999299 -0.036441 4.340000 0.049555 0.036825 0.998092 0.926900 0.000000 0.000000 0.000000 1.000000
0.998871 0.006152 -0.047114 0.000000 -0.008048 0.999161 -0.040154 4.340000 0.046828 0.040488 0.998082 0.926900 0.000000 0.000000 0.000000 1.000000
0.998980 0.004600 -0.044922 0.000000 -0.006443 0.999140 -0.040969 4.340000 0.044695 0.041217 0.998150 0.926900 0.000000 0.000000 0.000000 1.000000
0.999042 0.002767 -0.043671 0.000000 -0.004472 0.999230 -0.038987 4.340000 0.043530 0.039145 0.998285 0.926900 0.000000 0.000000 0.000000 1.000000
0.999069 0.001365 -0.043117 0.000000 -0.002896 0.999367 -0.035459 4.340000 0.043042 0.035551 0.998441 0.926900 0.000000 0.000000 0.000000 1.000000
0.999087 0.001163 -0.042705 0.000000 -0.002519 0.999494 -0.031707 4.340000 0.042647 0.031786 0.998584 0.926900 0.000000 0.000000 0.000000 1.000000
0.999110 0.002394 -0.042113 0.000000 -0.003599 0.999586 -0.028552 4.340000 0.042028 0.028678 0.998705 0.926900 0.000000 0.000000 0.000000 1.000000
0.999133 0.004212 -0.041417 -0.000000 -0.005304 0.999640 -0.026300 4.340000 0.041292 0.026497 0.998796 0.926900 0.000000 0.000000 0.000000 1.000000
0.999151 0.005045 -0.040876 0.000000 -0.006069 0.999670 -0.024961 4.340000 0.040736 0.025187 0.998852 0.926900 0.000000 0.000000 0.000000 1.000000
0.999162 0.003770 -0.040746 0.000000 -0.004771 0.999688 -0.024499 4.340000 0.040641 0.024673 0.998869 0.926900 0.000000 0.000000 0.000000 1.000000
0.999147 0.000581 -0.041280 0.000000 -0.001614 0.999687 -0.024984 4.340000 0.041252 0.025029 0.998835 0.926900 0.000000 0.000000 0.000000 1.000000
0.999083 -0.003322 -0.042688 0.000000 0.002193 0.999647 -0.026467 4.340000 0.042761 0.026350 0.998738 0.926900 0.000000 0.000000 0.000000 1.000000
0.998965 -0.006859 -0.044959 0.000000 0.005567 0.999570 -0.028792 4.340000 0.045137 0.028511 0.998574 0.926900 0.000000 0.000000 0.000000 1.000000</float_array><technique_common><accessor source="#swat_Neck1-Matrix-animation-output-transform-array" count="28" stride="16"><param type="float4x4"/></accessor></technique_common></source><source id="swat_Neck1-Interpolations"><Name_array id="swat_Neck1-Interpolations-array" count="28">
 LINEAR LINEAR LINEAR LINEAR LINEAR LINEAR LINEAR LINEAR LINEAR LINEAR LINEAR
LINEAR LINEAR LINEAR LINEAR LINEAR LINEAR LINEAR LINEAR LINEAR LINEAR LINEAR LINEAR
LINEAR LINEAR LINEAR LINEAR LINEAR</Name_array><technique_common><accessor source="#swat_Neck1-Interpolations-array" count="28"><param type="name"/></accessor></technique_common></source><sampler id="swat_Neck1-Matrix-animation-transform"><input semantic="INPUT" source="#swat_Neck1-Matrix-animation-input"/><input semantic="OUTPUT" source="#swat_Neck1-Matrix-animation-output-transform"/><input semantic="INTERPOLATION" source="#swat_Neck1-Interpolations"/></sampler><channel source="#swat_Neck1-Matrix-animation-transform" target="swat_Neck1/matrix"/></animation>
    <animation id="swat_Head-anim" name="swat_Head"><source id="swat_Head-Matrix-animation-input"><float_array id="swat_Head-Matrix-animation-input-array" count="28">

0.000000 0.033333 0.066667 0.100000 0.133333 0.166667 0.200000 0.233333 0.266667 0.300000 0.333333 0.366667 0.400000 0.433333 0.466667 0.500000
0.533333 0.566667 0.600000 0.633333 0.666667 0.700000 0.733333 0.766667 0.800000 0.833333 0.866667 0.900000</float_array><technique_common><accessor source="#swat_Head-Matrix-animation-input-array" count="28"><param name="TIME" type="float"/></accessor></technique_common></source><source id="swat_Head-Matrix-animation-output-transform"><float_array id="swat_Head-Matrix-animation-output-transform-array" count="448">

0.998886 -0.008206 -0.046460 0.000000 0.006804 0.999519 -0.030261 4.026600 0.046686 0.029911 0.998462 0.858500 0.000000 0.000000 0.000000 1.000000
0.998735 -0.010000 -0.049279 0.000000 0.008237 0.999323 -0.035846 4.026600 0.049604 0.035394 0.998142 0.858500 0.000000 0.000000 0.000000 1.000000
0.998594 -0.010632 -0.051931 0.000000 0.008593 0.999189 -0.039335 4.026600 0.052307 0.038833 0.997876 0.858500 0.000000 0.000000 0.000000 1.000000
0.998491 -0.009364 -0.054109 -0.000000 0.007173 0.999152 -0.040538 4.026600 0.054442 0.040089 0.997712 0.858500 0.000000 0.000000 0.000000 1.000000
0.998435 -0.005954 -0.055600 0.000000 0.003750 0.999206 -0.039659 4.026600 0.055792 0.039388 0.997665 0.858500 0.000000 0.000000 0.000000 1.000000
0.998404 -0.001388 -0.056464 0.000000 -0.000731 0.999297 -0.037495 4.026600 0.056476 0.037476 0.997700 0.858500 0.000000 0.000000 0.000000 1.000000
0.998375 0.002280 -0.056944 0.000000 -0.004293 0.999369 -0.035251 4.026600 0.056827 0.035438 0.997755 0.858500 0.000000 0.000000 0.000000 1.000000
0.998356 0.003111 -0.057231 -0.000000 -0.005070 0.999405 -0.034116 4.026600 0.057091 0.034350 0.997778 0.858500 0.000000 0.000000 0.000000 1.000000
0.998354 0.000778 -0.057340 -0.000000 -0.002753 0.999405 -0.034371 4.026600 0.057279 0.034472 0.997763 0.858500 0.000000 0.000000 0.000000 1.000000
0.998360 -0.002927 -0.057173 0.000000 0.000933 0.999391 -0.034870 4.026600 0.057241 0.034760 0.997755 0.858500 0.000000 0.000000 0.000000 1.000000
0.998378 -0.005254 -0.056687 0.000000 0.003334 0.999419 -0.033922 4.026600 0.056833 0.033678 0.997816 0.858500 0.000000 0.000000 0.000000 1.000000
0.998422 -0.004482 -0.055982 0.000000 0.002739 0.999510 -0.031175 4.026600 0.056094 0.030973 0.997945 0.858500 0.000000 0.000000 0.000000 1.000000
0.998477 -0.001060 -0.055161 0.000000 -0.000512 0.999595 -0.028462 4.026600 0.055169 0.028447 0.998072 0.858500 0.000000 0.000000 0.000000 1.000000
0.998533 0.003024 -0.054061 0.000000 -0.004561 0.999588 -0.028324 4.026600 0.053954 0.028529 0.998136 0.858500 0.000000 0.000000 0.000000 1.000000
0.998613 0.005877 -0.052319 0.000000 -0.007536 0.999473 -0.031565 4.026600 0.052106 0.031916 0.998131 0.858500 0.000000 0.000000 0.000000 1.000000
0.998734 0.006801 -0.049838 0.000000 -0.008624 0.999299 -0.036441 4.026600 0.049555 0.036825 0.998092 0.858500 0.000000 0.000000 0.000000 1.000000
0.998871 0.006152 -0.047114 0.000000 -0.008048 0.999161 -0.040157 4.026600 0.046828 0.040491 0.998082 0.858500 0.000000 0.000000 0.000000 1.000000
0.998980 0.004600 -0.044922 0.000000 -0.006443 0.999140 -0.040969 4.026600 0.044695 0.041216 0.998150 0.858500 0.000000 0.000000 0.000000 1.000000
0.999042 0.002767 -0.043671 0.000000 -0.004471 0.999230 -0.038987 4.026600 0.043530 0.039145 0.998285 0.858500 0.000000 0.000000 0.000000 1.000000
0.999069 0.001365 -0.043117 0.000000 -0.002896 0.999367 -0.035459 4.026600 0.043042 0.035551 0.998441 0.858500 0.000000 0.000000 0.000000 1.000000
0.999087 0.001163 -0.042705 0.000000 -0.002518 0.999494 -0.031704 4.026600 0.042647 0.031783 0.998585 0.858500 0.000000 0.000000 0.000000 1.000000
0.999110 0.002394 -0.042114 -0.000000 -0.003599 0.999586 -0.028552 4.026600 0.042028 0.028678 0.998705 0.858500 0.000000 0.000000 0.000000 1.000000
