<?xml version="1.0" encoding="utf-8"?>
<COLLADA xmlns="http://www.collada.org/2005/11/COLLADASchema" version="1.4.1">
  <asset><contributor><author>Mixamo</author><authoring_tool>COLLADA Mixamo exporter</authoring_tool><comments></comments></contributor><created>2018-06-07T18:22:54Z</created><modified>2018-06-07T18:22:54Z</modified><revision></revision><title></title><unit meter="0.010000"/><up_axis>Y_UP</up_axis></asset>
  <library_animations>
    <animation id="swat_Hips-anim" name="swat_Hips"><source id="swat_Hips-Matrix-animation-input"><float_array id="swat_Hips-Matrix-animation-input-array" count="28">

0.000000 0.033333 0.066667 0.100000 0.133333 0.166667 0.200000 0.233333 0.266667 0.300000 0.333333 0.366667 0.400000 0.433333 0.466667 0.500000
0.533333 0.566667 0.600000 0.633333 0.666667 0.700000 0.733333 0.766667 0.800000 0.833333 0.866667 0.900000</float_array><technique_common><accessor source="#swat_Hips-Matrix-animation-input-array" count="28"><param name="TIME" type="float"/></accessor></technique_common></source><source id="swat_Hips-Matrix-animation-output-transform"><float_array id="swat_Hips-Matrix-animation-output-transform-array" count="448">

0.159416 0.007028 -0.987186 0.049101 -0.072414 0.997364 -0.004593 94.255913 0.984552 0.072218 0.159505 0.002556 0.000000 0.000000 0.000000 1.000000
0.153135 0.004913 -0.988193 0.668319 -0.057530 0.998336 -0.003951 94.993645 0.986529 0.057455 0.153163 0.198334 0.000000 0.000000 0.000000 1.000000
0.137605 0.000312 -0.990487 1.167462 -0.043123 0.999054 -0.005676 95.136673 0.989548 0.043494 0.137488 0.538506 0.000000 0.000000 0.000000 1.000000
0.110018 -0.006904 -0.993906 1.457197 -0.033566 0.999380 -0.010657 94.621719 0.993363 0.034533 0.109718 0.949125 0.000000 0.000000 0.000000 1.000000
0.075648 -0.016016 -0.997006 1.504586 -0.030395 0.999369 -0.018360 93.542847 0.996671 0.031693 0.075114 1.371889 0.000000 0.000000 0.000000 1.000000
0.043650 -0.024729 -0.998741 1.328503 -0.031172 0.999173 -0.026102 92.167099 0.998560 0.032272 0.042843 1.772300 0.000000 0.000000 0.000000 1.000000
0.021188 -0.029583 -0.999338 0.983912 -0.029027 0.999123 -0.030192 90.853134 0.999354 0.029648 0.020310 2.162639 0.000000 0.000000 0.000000 1.000000
0.010997 -0.027965 -0.999548 0.531564 -0.016496 0.999468 -0.028144 89.906845 0.999803 0.016798 0.010530 2.602052 0.000000 0.000000 0.000000 1.000000
0.012413 -0.020541 -0.999712 0.056810 0.008886 0.999752 -0.020431 89.456985 0.999883 -0.008630 0.012592 3.145185 0.000000 0.000000 0.000000 1.000000
0.022262 -0.011592 -0.999685 -0.314420 0.041779 0.999070 -0.010655 89.508499 0.998879 -0.041529 0.022726 3.768812 0.000000 0.000000 0.000000 1.000000
0.034675 -0.006368 -0.999378 -0.423298 0.072451 0.997365 -0.003841 90.028572 0.996769 -0.072273 0.035045 4.357029 0.000000 0.000000 0.000000 1.000000
0.042532 -0.007663 -0.999066 -0.179800 0.092909 0.995668 -0.003682 90.972404 0.994766 -0.092665 0.043059 4.769639 0.000000 0.000000 0.000000 1.000000
0.041380 -0.014827 -0.999033 0.365569 0.101053 0.994825 -0.010579 92.248169 0.994020 -0.100517 0.042665 4.944004 0.000000 0.000000 0.000000 1.000000
0.030607 -0.025830 -0.999198 1.081605 0.099075 0.994821 -0.022682 93.736015 0.994609 -0.098301 0.033008 4.900882 0.000000 0.000000 0.000000 1.000000
0.036386 -0.026888 -0.998976 1.544460 0.081533 0.996385 -0.023848 94.938408 0.996006 -0.080582 0.038446 4.533956 0.000000 0.000000 0.000000 1.000000
0.051028 -0.029173 -0.998271 2.015332 0.067067 0.997417 -0.025720 95.576859 0.996443 -0.065639 0.052852 4.095189 0.000000 0.000000 0.000000 1.000000
0.075365 -0.035077 -0.996539 2.423466 0.055338 0.997988 -0.030943 95.581848 0.995619 -0.052814 0.077154 3.604609 0.000000 0.000000 0.000000 1.000000
0.106550 -0.045786 -0.993253 2.693839 0.046079 0.998093 -0.041066 94.992050 0.993239 -0.041392 0.108457 3.096024 0.000000 0.000000 0.000000 1.000000
0.137957 -0.059012 -0.988679 2.796741 0.039010 0.997773 -0.054111 93.951096 0.989670 -0.031103 0.139952 2.604229 0.000000 0.000000 0.000000 1.000000
0.163328 -0.069590 -0.984114 2.738702 0.033883 0.997316 -0.064900 92.671234 0.985990 -0.022744 0.165247 2.152107 0.000000 0.000000 0.000000 1.000000
0.180287 -0.072518 -0.980937 2.492959 0.028797 0.997240 -0.068430 91.420593 0.983192 -0.015911 0.181877 1.739147 0.000000 0.000000 0.000000 1.000000
0.190023 -0.065741 -0.979576 1.985599 0.019652 0.997810 -0.063153 90.463440 0.981583 -0.007250 0.190899 1.323102 0.000000 0.000000 0.000000 1.000000
0.193679 -0.050900 -0.979744 1.191357 0.002490 0.998675 -0.051391 89.964272 0.981062 0.007514 0.193549 0.824812 0.000000 0.000000 0.000000 1.000000
0.190068 -0.032264 -0.981241 0.253856 -0.022832 0.999044 -0.037272 89.961479 0.981505 0.029488 0.189149 0.183641 0.000000 0.000000 0.000000 1.000000
0.178097 -0.015004 -0.983898 -0.531184 -0.050862 0.998407 -0.024432 90.437988 0.982697 0.054395 0.177051 -0.572598 0.000000 0.000000 0.000000 1.000000
0.161079 -0.002949 -0.986937 -0.893006 -0.072862 0.997231 -0.014872 91.330170 0.984248 0.074306 0.160419 -1.313910 0.000000 0.000000 0.000000 1.000000
0.146149 0.003253 -0.989257 -0.756019 -0.082197 0.996577 -0.008867 92.504044 0.985842 0.082610 0.145916 -1.881876 0.000000 0.000000 0.000000 1.000000
0.137870 0.005293 -0.990436 -0.260999 -0.078152 0.996926 -0.005552 93.723015 0.987362 0.078170 0.137859 -2.183456 0.000000 0.000000 0.000000 1.000000</float_array><technique_common><accessor source="#swat_Hips-Matrix-animation-output-transform-array" count="28" stride="16"><param type="float4x4"/></accessor></technique_common></source><source id="swat_Hips-Interpolations"><Name_array id="swat_Hips-Interpolations-array" count="28">
 LINEAR LINEAR LINEAR LINEAR LINEAR LINEAR LINEAR LINEAR LINEAR LINEAR LINEAR
LINEAR LINEAR LINEAR LINEAR LINEAR LINEAR LINEAR LINEAR LINEAR LINEAR LINEAR LINEAR
LINEAR LINEAR LINEAR LINEAR LINEAR</Name_array><technique_common><accessor source="#swat_Hips-Interpolations-array" count="28"><param type="name"/></accessor></technique_common></source><sampler id="swat_Hips-Matrix-animation-transform"><input semantic="INPUT" source="#swat_Hips-Matrix-animation-input"/><input semantic="OUTPUT" source="#swat_Hips-Matrix-animation-output-transform"/><input semantic="INTERPOLATION" source="#swat_Hips-Interpolations"/></sampler><channel source="#swat_Hips-Matrix-animation-transform" target="swat_Hips/matrix"/></animation>
    <animation id="swat_Spine-anim" name="swat_Spine"><source id="swat_Spine-Matrix-animation-input"><float_array id="swat_Spine-Matrix-animation-input-array" count="28">

0.000000 0.033333 0.066667 0.100000 0.133333 0.166667 0.200000 0.233333 0.266667 0.300000 0.333333 0.366667 0.400000 0.433333 0.466667 0.500000
0.533333 0.566667 0.600000 0.633333 0.666667 0.700000 0.733333 0.766667 0.800000 0.833333 0.866667 0.900000</float_array><technique_common><accessor source="#swat_Spine-Matrix-animation-input-array" count="28"><param name="TIME" type="float"/></accessor></technique_common></source><source id="swat_Spine-Matrix-animation-output-transform"><float_array id="swat_Spine-Matrix-animation-output-transform-array" count="448">

0.994099 -0.022931 0.106027 -0.000000 0.029557 0.997678 -0.061357 9.226300 -0.104374 0.064129 0.992468 1.577100 0.000000 0.000000 0.000000 1.000000
0.992685 -0.009063 0.120396 0.000000 0.016778 0.997859 -0.063220 9.226300 -0.119566 0.064778 0.990711 1.577100 0.000000 0.000000 0.000000 1.000000
0.990187 -0.000062 0.139750 0.000000 0.009084 0.997913 -0.063924 9.226300 -0.139455 0.064566 0.988121 1.577100 0.000000 0.000000 0.000000 1.000000
0.986744 0.001271 0.162278 0.000000 0.009136 0.997948 -0.063368 9.226300 -0.162026 0.064010 0.984708 1.577100 0.000000 0.000000 0.000000 1.000000
0.982749 -0.003887 0.184906 0.000000 0.015423 0.998019 -0.060991 9.226300 -0.184303 0.062790 0.980862 1.577100 0.000000 0.000000 0.000000 1.000000
0.978751 -0.010390 0.204789 -0.000000 0.022579 0.998103 -0.057274 9.226300 -0.203805 0.060681 0.977129 1.577100 0.000000 0.000000 0.000000 1.000000
0.975530 -0.010533 0.219614 0.000000 0.022997 0.998261 -0.054272 9.226300 -0.218660 0.057995 0.974076 1.577100 0.000000 0.000000 0.000000 1.000000
0.973643 0.001460 0.228071 -0.000000 0.011281 0.998447 -0.054550 9.226300 -0.227797 0.055686 0.972115 1.577100 0.000000 0.000000 0.000000 1.000000
0.972705 0.025304 0.230663 0.000000 -0.011820 0.998149 -0.059654 9.226300 -0.231745 0.055299 0.971203 1.577100 0.000000 0.000000 0.000000 1.000000
0.971838 0.054048 0.229367 0.000000 -0.039179 0.996854 -0.068895 9.226300 -0.232369 0.057968 0.970899 1.577100 0.000000 0.000000 0.000000 1.000000
0.971026 0.078435 0.225734 0.000000 -0.061949 0.994930 -0.079219 9.226300 -0.230803 0.062940 0.970963 1.577100 0.000000 0.000000 0.000000 1.000000
0.971211 0.092073 0.219708 0.000000 -0.074610 0.993453 -0.086513 9.226300 -0.226235 0.067630 0.971722 1.577100 0.000000 0.000000 0.000000 1.000000
0.973045 0.094075 0.210557 -0.000000 -0.076951 0.993134 -0.088109 9.226300 -0.217400 0.069531 0.973603 1.577100 0.000000 0.000000 0.000000 1.000000
0.976349 0.086952 0.197944 -0.000000 -0.071581 0.993930 -0.083540 9.226300 -0.204007 0.067395 0.976647 1.577100 0.000000 0.000000 0.000000 1.000000
0.982151 0.067159 0.175695 0.000000 -0.054495 0.995622 -0.075942 9.226300 -0.180026 0.065012 0.981511 1.577100 0.000000 0.000000 0.000000 1.000000
0.987245 0.053182 0.150065 -0.000000 -0.042829 0.996528 -0.071402 9.226300 -0.153342 0.064064 0.986094 1.577100 0.000000 0.000000 0.000000 1.000000
0.991513 0.044979 0.121982 0.000000 -0.036923 0.997035 -0.067518 9.226300 -0.124657 0.062441 0.990233 1.577100 0.000000 0.000000 0.000000 1.000000
0.994725 0.041584 0.093774 0.000000 -0.035854 0.997433 -0.061977 9.226300 -0.096110 0.058288 0.993663 1.577100 0.000000 0.000000 0.000000 1.000000
0.996802 0.040771 0.068731 0.000000 -0.037045 0.997819 -0.054643 9.226300 -0.070809 0.051922 0.996138 1.577100 0.000000 0.000000 0.000000 1.000000
0.997968 0.040004 0.049603 -0.000000 -0.037641 0.998153 -0.047694 9.226300 -0.051419 0.045730 0.997630 1.577100 0.000000 0.000000 0.000000 1.000000
0.998627 0.036157 0.037917 0.000000 -0.034526 0.998485 -0.042837 9.226300 -0.039409 0.041469 0.998362 1.577100 0.000000 0.000000 0.000000 1.000000
0.999071 0.026198 0.034208 0.000000 -0.024834 0.998903 -0.039708 9.226300 -0.035211 0.038822 0.998626 1.577100 0.000000 0.000000 0.000000 1.000000
0.999220 0.009309 0.038372 -0.000000 -0.007868 0.999264 -0.037539 9.226300 -0.038694 0.037208 0.998558 1.577100 0.000000 0.000000 0.000000 1.000000
0.998719 -0.011581 0.049256 0.000000 0.013424 0.999216 -0.037243 9.226300 -0.048786 0.037857 0.998092 1.577100 0.000000 0.000000 0.000000 1.000000
0.997485 -0.030474 0.063994 -0.000000 0.033108 0.998631 -0.040508 9.226300 -0.062672 0.042525 0.997128 1.577100 0.000000 0.000000 0.000000 1.000000
0.996063 -0.041071 0.078553 0.000000 0.044862 0.997881 -0.047117 9.226300 -0.076452 0.050456 0.995796 1.577100 0.000000 0.000000 0.000000 1.000000
0.995096 -0.040296 0.090339 0.000000 0.045332 0.997489 -0.054409 9.226300 -0.087920 0.058238 0.994424 1.577100 0.000000 0.000000 0.000000 1.000000
0.994490 -0.029995 0.100449 -0.000000 0.036119 0.997562 -0.059706 9.226300 -0.098414 0.063006 0.993149 1.577100 0.000000 0.000000 0.000000 1.000000</float_array><technique_common><accessor source="#swat_Spine-Matrix-animation-output-transform-array" count="28" stride="16"><param type="float4x4"/></accessor></technique_common></source><source id="swat_Spine-Interpolations"><Name_array id="swat_Spine-Interpolations-array" count="28">
 LINEAR LINEAR LINEAR LINEAR LINEAR LINEAR LINEAR LINEAR LINEAR LINEAR LINEAR
LINEAR LINEAR LINEAR LINEAR LINEAR LINEAR LINEAR LINEAR LINEAR LINEAR LINEAR LINEAR
LINEAR LINEAR LINEAR LINEAR LINEAR</Name_array><technique_common><accessor source="#swat_Spine-Interpolations-array" count="28"><param type="name"/></accessor></technique_common></source><sampler id="swat_Spine-Matrix-animation-transform"><input semantic="INPUT" source="#swat_Spine-Matrix-animation-input"/><input semantic="OUTPUT" source="#swat_Spine-Matrix-animation-output-transform"/><input semantic="INTERPOLATION" source="#swat_Spine-Interpolations"/></sampler><channel source="#swat_Spine-Matrix-animation-transform" target="swat_Spine/matrix"/></animation>
    <animation id="swat_Spine1-anim" name="swat_Spine1"><source id="swat_Spine1-Matrix-animation-input"><float_array id="swat_Spine1-Matrix-animation-input-array" count="28">

0.000000 0.033333 0.066667 0.100000 0.133333 0.166667 0.200000 0.233333 0.266667 0.300000 0.333333 0.366667 0.400000 0.433333 0.466667 0.500000
0.533333 0.566667 0.600000 0.633333 0.666667 0.700000 0.733333 0.766667 0.800000 0.833333 0.866667 0.900000</float_array><technique_common><accessor source="#swat_Spine1-Matrix-animation-input-array" count="28"><param name="TIME" type="float"/></accessor></technique_common></source><source id="swat_Spine1-Matrix-animation-output-transform"><float_array id="swat_Spine1-Matrix-animation-output-transform-array" count="448">

0.965832 0.027947 0.257659 0.000000 -0.021548 0.999386 -0.027626 16.254000 -0.258273 0.021130 0.965841 -0.165600 0.000000 0.000000 0.000000 1.000000
0.964437 0.031007 0.262489 -0.000000 -0.023999 0.999266 -0.029862 16.254000 -0.263222 0.022500 0.964473 -0.165600 0.000000 0.000000 0.000000 1.000000
0.962543 0.033147 0.269094 0.000000 -0.025709 0.999185 -0.031118 16.254000 -0.269906 0.023034 0.962611 -0.165600 0.000000 0.000000 0.000000 1.000000
0.960419 0.034076 0.276466 0.000000 -0.026670 0.999179 -0.030506 16.254000 -0.277279 0.021925 0.960539 -0.165600 0.000000 0.000000 0.000000 1.000000
0.958413 0.033894 0.283367 -0.000000 -0.027122 0.999246 -0.027788 16.254000 -0.284095 0.018947 0.958609 -0.165600 0.000000 0.000000 0.000000 1.000000
0.956727 0.033037 0.289107 -0.000000 -0.027244 0.999340 -0.024042 16.254000 -0.289710 0.015126 0.956995 -0.165600 0.000000 0.000000 0.000000 1.000000
0.955422 0.032405 0.293460 0.000000 -0.027353 0.999399 -0.021305 16.254000 -0.293974 0.012328 0.955734 -0.165600 0.000000 0.000000 0.000000 1.000000
0.954529 0.033111 0.296273 0.000000 -0.028067 0.999380 -0.021265 16.254000 -0.296793 0.011983 0.954867 -0.165600 0.000000 0.000000 0.000000 1.000000
0.954070 0.035741 0.297443 0.000000 -0.029911 0.999261 -0.024130 16.254000 -0.298085 0.014125 0.954435 -0.165600 0.000000 0.000000 0.000000 1.000000
0.954004 0.039754 0.297147 0.000000 -0.032729 0.999056 -0.028582 16.254000 -0.298003 0.017542 0.954404 -0.165600 0.000000 0.000000 0.000000 1.000000
0.954251 0.043699 0.295796 0.000000 -0.035614 0.998832 -0.032668 16.254000 -0.296878 0.020639 0.954692 -0.165600 0.000000 0.000000 0.000000 1.000000
0.954774 0.046131 0.293733 0.000000 -0.037527 0.998687 -0.034863 16.254000 -0.294956 0.022264 0.955251 -0.165600 0.000000 0.000000 0.000000 1.000000
0.955563 0.046504 0.291097 -0.000000 -0.038027 0.998674 -0.034714 16.254000 -0.292326 0.022102 0.956063 -0.165600 0.000000 0.000000 0.000000 1.000000
0.956600 0.045077 0.287897 0.000000 -0.037268 0.998775 -0.032550 16.254000 -0.289011 0.020408 0.957108 -0.165600 0.000000 0.000000 0.000000 1.000000
0.958851 0.041856 0.280809 0.000000 -0.034416 0.998915 -0.031376 16.254000 -0.281817 0.020420 0.959251 -0.165600 0.000000 0.000000 0.000000 1.000000
0.961280 0.039787 0.272685 0.000000 -0.032526 0.998987 -0.031097 16.254000 -0.273646 0.021024 0.961601 -0.165600 0.000000 0.000000 0.000000 1.000000
0.963751 0.038665 0.263988 0.000000 -0.031756 0.999034 -0.030390 16.254000 -0.264908 0.020906 0.964047 -0.165600 0.000000 0.000000 0.000000 1.000000
0.966030 0.038084 0.255607 0.000000 -0.031976 0.999096 -0.028012 16.254000 -0.256443 0.018887 0.966375 -0.165600 0.000000 0.000000 0.000000 1.000000
0.967901 0.037714 0.248488 0.000000 -0.032754 0.999174 -0.024066 16.254000 -0.249190 0.015155 0.968336 -0.165600 0.000000 0.000000 0.000000 1.000000
0.969278 0.037455 0.243101 0.000000 -0.033535 0.999232 -0.020245 16.254000 -0.243672 0.011471 0.969790 -0.165600 0.000000 0.000000 0.000000 1.000000
0.970193 0.037076 0.239481 0.000000 -0.033669 0.999265 -0.018301 16.254000 -0.239983 0.009692 0.970729 -0.165600 0.000000 0.000000 0.000000 1.000000
0.970675 0.035926 0.237696 0.000000 -0.032464 0.999302 -0.018465 16.254000 -0.238193 0.010207 0.971164 -0.165600 0.000000 0.000000 0.000000 1.000000
0.970672 0.033349 0.238084 -0.000000 -0.029536 0.999372 -0.019568 16.254000 -0.238587 0.011962 0.971047 -0.165600 0.000000 0.000000 0.000000 1.000000
0.970130 0.029493 0.240787 0.000000 -0.025293 0.999470 -0.020513 16.254000 -0.241264 0.013810 0.970361 -0.165600 0.000000 0.000000 0.000000 1.000000
0.969169 0.025627 0.245061 0.000000 -0.021059 0.999553 -0.021242 16.254000 -0.245496 0.015426 0.969275 -0.165600 0.000000 0.000000 0.000000 1.000000
0.968108 0.023442 0.249435 0.000000 -0.018451 0.999580 -0.022327 16.254000 -0.249854 0.017012 0.968134 -0.165600 0.000000 0.000000 0.000000 1.000000
0.967199 0.023843 0.252900 0.000000 -0.018339 0.999541 -0.024099 16.254000 -0.253358 0.018671 0.967192 -0.165600 0.000000 0.000000 0.000000 1.000000
0.966346 0.026339 0.255893 0.000000 -0.020250 0.999446 -0.026402 16.254000 -0.256447 0.020332 0.966344 -0.165600 0.000000 0.000000 0.000000 1.000000</float_array><technique_common><accessor source="#swat_Spine1-Matrix-animation-output-transform-array" count="28" stride="16"><param type="float4x4"/></accessor></technique_common></source><source id="swat_Spine1-Interpolations"><Name_array id="swat_Spine1-Interpolations-array" count="28">
 LINEAR LINEAR LINEAR LINEAR LINEAR LINEAR LINEAR LINEAR LINEAR LINEAR LINEAR
LINEAR LINEAR LINEAR LINEAR LINEAR LINEAR LINEAR LINEAR LINEAR LINEAR LINEAR LINEAR
LINEAR LINEAR LINEAR LINEAR LINEAR</Name_array><technique_common><accessor source="#swat_Spine1-Interpolations-array" count="28"><param type="name"/></accessor></technique_common></source><sampler id="swat_Spine1-Matrix-animation-transform"><input semantic="INPUT" source="#swat_Spine1-Matrix-animation-input"/><input semantic="OUTPUT" source="#swat_Spine1-Matrix-animation-output-transform"/><input semantic="INTERPOLATION" source="#swat_Spine1-Interpolations"/></sampler><channel source="#swat_Spine1-Matrix-animation-transform" target="swat_Spine1/matrix"/></animation>
    <animation id="swat_Spine2-anim" name="swat_Spine2"><source id="swat_Spine2-Matrix-animation-input"><float_array id="swat_Spine2-Matrix-animation-input-array" count="28">

0.000000 0.033333 0.066667 0.100000 0.133333 0.166667 0.200000 0.233333 0.266667 0.300000 0.333333 0.366667 0.400000 0.433333 0.466667 0.500000
0.533333 0.566667 0.600000 0.633333 0.666667 0.700000 0.733333 0.766667 0.800000 0.833333 0.866667 0.900000</float_array><technique_common><accessor source="#swat_Spine2-Matrix-animation-input-array" count="28"><param name="TIME" type="float"/></accessor></technique_common></source><source id="swat_Spine2-Matrix-animation-output-transform"><float_array id="swat_Spine2-Matrix-animation-output-transform-array" count="448">

0.965903 0.032981 0.256797 0.000000 -0.027524 0.999313 -0.024818 13.639600 -0.257439 0.016904 0.966147 -1.292300 0.000000 0.000000 0.000000 1.000000
0.964490 0.036001 0.261655 -0.000000 -0.029941 0.999184 -0.027110 13.639600 -0.262417 0.018313 0.964781 -1.292300 0.000000 0.000000 0.000000 1.000000
0.962578 0.038090 0.268314 0.000000 -0.031614 0.999096 -0.028417 13.639600 -0.269154 0.018871 0.962912 -1.292300 0.000000 0.000000 0.000000 1.000000
0.960439 0.039012 0.275745 0.000000 -0.032588 0.999081 -0.027843 13.639600 -0.276577 0.017755 0.960828 -1.292300 0.000000 0.000000 0.000000 1.000000
0.958423 0.038910 0.282687 0.000000 -0.033143 0.999134 -0.025155 13.639600 -0.283421 0.014740 0.958882 -1.292300 0.000000 0.000000 0.000000 1.000000
0.956733 0.038190 0.288449 -0.000000 -0.033421 0.999211 -0.021441 13.639600 -0.289040 0.010873 0.957255 -1.292300 0.000000 0.000000 0.000000 1.000000
0.955429 0.037656 0.292811 0.000000 -0.033643 0.999258 -0.018732 13.639600 -0.293299 0.008046 0.955987 -1.292300 0.000000 0.000000 0.000000 1.000000
0.954532 0.038340 0.295632 -0.000000 -0.034344 0.999235 -0.018700 13.639600 -0.296123 0.007696 0.955119 -1.292300 0.000000 0.000000 0.000000 1.000000
0.954057 0.040838 0.296829 0.000000 -0.036068 0.999117 -0.021534 13.639600 -0.297446 0.009838 0.954688 -1.292300 0.000000 0.000000 0.000000 1.000000
0.953962 0.044704 0.296576 0.000000 -0.038753 0.998913 -0.025918 13.639600 -0.297412 0.013231 0.954657 -1.292300 0.000000 0.000000 0.000000 1.000000
0.954178 0.048572 0.295272 -0.000000 -0.041578 0.998687 -0.029925 13.639600 -0.296338 0.016277 0.954944 -1.292300 0.000000 0.000000 0.000000 1.000000
0.954676 0.051017 0.293241 -0.000000 -0.043513 0.998538 -0.032060 13.639600 -0.294448 0.017847 0.955501 -1.292300 0.000000 0.000000 0.000000 1.000000
0.955457 0.051452 0.290612 0.000000 -0.044073 0.998519 -0.031883 13.639600 -0.291822 0.017655 0.956310 -1.292300 0.000000 0.000000 0.000000 1.000000
0.956502 0.050091 0.287392 -0.000000 -0.043366 0.998617 -0.029723 13.639600 -0.288484 0.015968 0.957352 -1.292300 0.000000 0.000000 0.000000 1.000000
0.958780 0.046869 0.280258 0.000000 -0.040466 0.998772 -0.028593 13.639600 -0.281254 0.016074 0.959499 -1.292300 0.000000 0.000000 0.000000 1.000000
0.961233 0.044819 0.272070 0.000000 -0.038553 0.998855 -0.028337 13.639600 -0.273028 0.016749 0.961860 -1.292300 0.000000 0.000000 0.000000 1.000000
0.963721 0.043728 0.263304 0.000000 -0.037780 0.998904 -0.027614 13.639600 -0.264223 0.016665 0.964318 -1.292300 0.000000 0.000000 0.000000 1.000000
0.966012 0.043165 0.254868 -0.000000 -0.037995 0.998961 -0.025176 13.639600 -0.255690 0.014637 0.966648 -1.292300 0.000000 0.000000 0.000000 1.000000
0.967887 0.042781 0.247719 0.000000 -0.038746 0.999025 -0.021144 13.639600 -0.248382 0.010867 0.968601 -1.292300 0.000000 0.000000 0.000000 1.000000
0.969263 0.042493 0.242331 0.000000 -0.039488 0.999071 -0.017246 13.639600 -0.242839 0.007147 0.970040 -1.292300 0.000000 0.000000 0.000000 1.000000
0.970171 0.042108 0.238735 -0.000000 -0.039607 0.999099 -0.015267 13.639600 -0.239162 0.005356 0.970965 -1.292300 0.000000 0.000000 0.000000 1.000000
0.970647 0.041001 0.236989 -0.000000 -0.038433 0.999142 -0.015447 13.639600 -0.237418 0.005885 0.971390 -1.292300 0.000000 0.000000 0.000000 1.000000
0.970646 0.038490 0.237412 0.000000 -0.035564 0.999230 -0.016598 13.639600 -0.237868 0.007667 0.971267 -1.292300 0.000000 0.000000 0.000000 1.000000
0.970124 0.034669 0.240121 0.000000 -0.031361 0.999353 -0.017588 13.639600 -0.240575 0.009532 0.970584 -1.292300 0.000000 0.000000 0.000000 1.000000
0.969196 0.030785 0.244361 -0.000000 -0.027122 0.999464 -0.018343 13.639600 -0.244795 0.011151 0.969511 -1.292300 0.000000 0.000000 0.000000 1.000000
0.968167 0.028551 0.248672 0.000000 -0.024482 0.999511 -0.019440 13.639600 -0.249106 0.012733 0.968393 -1.292300 0.000000 0.000000 0.000000 1.000000
0.967276 0.028911 0.252074 0.000000 -0.024341 0.999478 -0.021229 13.639600 -0.252556 0.014399 0.967475 -1.292300 0.000000 0.000000 0.000000 1.000000
0.966423 0.031385 0.255032 0.000000 -0.026236 0.999378 -0.023568 13.639600 -0.255613 0.016086 0.966645 -1.292300 0.000000 0.000000 0.000000 1.000000</float_array><technique_common><accessor source="#swat_Spine2-Matrix-animation-output-transform-array" count="28" stride="16"><param type="float4x4"/></accessor></technique_common></source><source id="swat_Spine2-Interpolations"><Name_array id="swat_Spine2-Interpolations-array" count="28">
 LINEAR LINEAR LINEAR LINEAR LINEAR LINEAR LINEAR LINEAR LINEAR LINEAR LINEAR
LINEAR LINEAR LINEAR LINEAR LINEAR LINEAR LINEAR LINEAR LINEAR LINEAR LINEAR LINEAR
LINEAR LINEAR LINEAR LINEAR LINEAR</Name_array><technique_common><accessor source="#swat_Spine2-Interpolations-array" count="28"><param type="name"/></accessor></technique_common></source><sampler id="swat_Spine2-Matrix-animation-transform"><input semantic="INPUT" source="#swat_Spine2-Matrix-animation-input"/><input semantic="OUTPUT" source="#swat_Spine2-Matrix-animation-output-transform"/><input semantic="INTERPOLATION" source="#swat_Spine2-Interpolations"/></sampler><channel source="#swat_Spine2-Matrix-animation-transform" target="swat_Spine2/matrix"/></animation>
    <animation id="swat_Neck-anim" name="swat_Neck"><source id="swat_Neck-Matrix-animation-input"><float_array id="swat_Neck-Matrix-animation-input-array" count="28">

0.000000 0.033333 0.066667 0.100000 0.133333 0.166667 0.200000 0.233333 0.266667 0.300000 0.333333 0.366667 0.400000 0.433333 0.466667 0.500000
0.533333 0.566667 0.600000 0.633333 0.666667 0.700000 0.733333 0.766667 0.800000 0.833333 0.866667 0.900000</float_array><technique_common><accessor source="#swat_Neck-Matrix-animation-input-array" count="28"><param name="TIME" type="float"/></accessor></technique_common></source><source id="swat_Neck-Matrix-animation-output-transform"><float_array id="swat_Neck-Matrix-animation-output-transform-array" count="448">

0.998669 -0.006574 0.051153 0.000000 0.008319 0.999388 -0.033977 13.877400 -0.050898 0.034357 0.998113 -4.354200 0.000000 0.000000 0.000000 1.000000
0.998803 -0.006631 0.048458 0.000000 0.008506 0.999219 -0.038595 13.877400 -0.048164 0.038961 0.998079 -4.354200 0.000000 0.000000 0.000000 1.000000
0.998931 -0.005449 0.045911 0.000000 0.007333 0.999134 -0.040958 13.877400 -0.045648 0.041251 0.998106 -4.354200 0.000000 0.000000 0.000000 1.000000
0.999017 -0.003679 0.044180 0.000000 0.005460 0.999174 -0.040262 13.877400 -0.043996 0.040464 0.998212 -4.354200 0.000000 0.000000 0.000000 1.000000
0.999058 -0.001961 0.043342 0.000000 0.003581 0.999297 -0.037326 13.877400 -0.043238 0.037446 0.998363 -4.354200 0.000000 0.000000 0.000000 1.000000
0.999078 -0.001078 0.042923 -0.000000 0.002519 0.999434 -0.033545 13.877400 -0.042863 0.033622 0.998515 -4.354200 0.000000 0.000000 0.000000 1.000000
0.999098 -0.001625 0.042435 -0.000000 0.002901 0.999545 -0.030025 13.877400 -0.042367 0.030121 0.998648 -4.354200 0.000000 0.000000 0.000000 1.000000
0.999122 -0.003323 0.041763 0.000000 0.004466 0.999617 -0.027309 13.877400 -0.041656 0.027472 0.998754 -4.354200 0.000000 0.000000 0.000000 1.000000
0.999143 -0.004847 0.041110 0.000000 0.005900 0.999657 -0.025521 13.877400 -0.040972 0.025741 0.998829 -4.354200 0.000000 0.000000 0.000000 1.000000
0.999159 -0.004693 0.040744 0.000000 0.005699 0.999681 -0.024618 13.877400 -0.040616 0.024830 0.998866 -4.354200 0.000000 0.000000 0.000000 1.000000
0.999160 -0.002352 0.040914 0.000000 0.003361 0.999691 -0.024617 13.877400 -0.040843 0.024734 0.998859 -4.354200 0.000000 0.000000 0.000000 1.000000
0.999122 0.001364 0.041867 -0.000000 -0.000292 0.999672 -0.025604 13.877400 -0.041888 0.025569 0.998795 -4.354200 0.000000 0.000000 0.000000 1.000000
0.999030 0.005172 0.043728 0.000000 -0.003969 0.999613 -0.027545 13.877400 -0.043854 0.027345 0.998664 -4.354200 0.000000 0.000000 0.000000 1.000000
0.998886 0.008206 0.046460 0.000000 -0.006804 0.999519 -0.030261 13.877400 -0.046686 0.029911 0.998462 -4.354200 0.000000 0.000000 0.000000 1.000000
0.998735 0.010000 0.049279 0.000000 -0.008237 0.999323 -0.035846 13.877400 -0.049604 0.035394 0.998142 -4.354200 0.000000 0.000000 0.000000 1.000000
0.998594 0.010632 0.051931 0.000000 -0.008593 0.999189 -0.039337 13.877400 -0.052308 0.038835 0.997876 -4.354200 0.000000 0.000000 0.000000 1.000000
0.998491 0.009364 0.054109 0.000000 -0.007173 0.999152 -0.040538 13.877400 -0.054442 0.040089 0.997712 -4.354200 0.000000 0.000000 0.000000 1.000000
0.998435 0.005954 0.055600 -0.000000 -0.003750 0.999206 -0.039659 13.877400 -0.055792 0.039388 0.997665 -4.354200 0.000000 0.000000 0.000000 1.000000
0.998404 0.001388 0.056464 -0.000000 0.000731 0.999297 -0.037494 13.877400 -0.056476 0.037476 0.997700 -4.354200 0.000000 0.000000 0.000000 1.000000
0.998375 -0.002280 0.056943 -0.000000 0.004293 0.999369 -0.035252 13.877400 -0.056827 0.035439 0.997755 -4.354200 0.000000 0.000000 0.000000 1.000000
0.998356 -0.003111 0.057231 -0.000000 0.005070 0.999405 -0.034115 13.877400 -0.057090 0.034349 0.997778 -4.354200 0.000000 0.000000 0.000000 1.000000
0.998354 -0.000778 0.057340 0.000000 0.002753 0.999405 -0.034370 13.877400 -0.057279 0.034472 0.997763 -4.354200 0.000000 0.000000 0.000000 1.000000
0.998360 0.002927 0.057174 -0.000000 -0.000933 0.999391 -0.034871 13.877400 -0.057241 0.034760 0.997755 -4.354200 0.000000 0.000000 0.000000 1.000000
0.998378 0.005254 0.056687 0.000000 -0.003333 0.999419 -0.033922 13.877400 -0.056833 0.033678 0.997816 -4.354200 0.000000 0.000000 0.000000 1.000000
0.998422 0.004482 0.055982 0.000000 -0.002739 0.999510 -0.031176 13.877400 -0.056095 0.030973 0.997945 -4.354200 0.000000 0.000000 0.000000 1.000000
0.998477 0.001060 0.055161 -0.000000 0.000512 0.999595 -0.028463 13.877400 -0.055169 0.028448 0.998072 -4.354200 0.000000 0.000000 0.000000 1.000000
0.998533 -0.003024 0.054062 -0.000000 0.004561 0.999588 -0.028324 13.877400 -0.053954 0.028529 0.998136 -4.354200 0.000000 0.000000 0.000000 1.000000
0.998613 -0.005877 0.052318 0.000000 0.007536 0.999473 -0.031565 13.877400 -0.052105 0.031916 0.998131 -4.354200 0.000000 0.000000 0.000000 1.000000</float_array><technique_common><accessor source="#swat_Neck-Matrix-animation-output-transform-array" count="28" stride="16"><param type="float4x4"/></accessor></technique_common></source><source id="swat_Neck-Interpolations"><Name_array id="swat_Neck-Interpolations-array" count="28">
 LINEAR LINEAR LINEAR LINEAR LINEAR LINEAR LINEAR LINEAR LINEAR LINEAR LINEAR
LINEAR LINEAR LINEAR LINEAR LINEAR LINEAR LINEAR LINEAR LINEAR LINEAR LINEAR LINEAR
LINEAR LINEAR LINEAR LINEAR LINEAR</Name_array><technique_common><accessor source="#swat_Neck-Interpolations-array" count="28"><param type="name"/></accessor></technique_common></source><sampler id="swat_Neck-Matrix-animation-transform"><input semantic="INPUT" source="#swat_Neck-Matrix-animation-input"/><input semantic="OUTPUT" source="#swat_Neck-Matrix-animation-output-transform"/><input semantic="INTERPOLATION" source="#swat_Neck-Interpolations"/></sampler><channel source="#swat_Neck-Matrix-animation-transform" target="swat_Neck/matrix"/></animation>
    <animation id="swat_Neck1-anim" name="swat_Neck1"><source id="swat_Neck1-Matrix-animation-input"><float_array id="swat_Neck1-Matrix-animation-input-array" count="28">

0.000000 0.033333 0.066667 0.100000 0.133333 0.166667 0.200000 0.233333 0.266667 0.300000 0.333333 0.366667 0.400000 0.433333 0.466667 0.500000
0.533333 0.566667 0.600000 0.633333 0.666667 0.700000 0.733333 0.766667 0.800000 0.833333 0.866667 0.900000</float_array><technique_common><accessor source="#swat_Neck1-Matrix-animation-input-array" count="28"><param name="TIME" type="float"/></accessor></technique_common></source><source id="swat_Neck1-Matrix-animation-output-transform"><float_array id="swat_Neck1-Matrix-animation-output-transform-array" count="448">

0.998669 -0.006574 0.051152 0.000000 0.008319 0.999388 -0.033977 4.340000 -0.050898 0.034358 0.998113 0.926900 0.000000 0.000000 0.000000 1.000000
0.998803 -0.006631 0.048457 0.000000 0.008507 0.999219 -0.038595 4.340000 -0.048163 0.038961 0.998079 0.926900 0.000000 0.000000 0.000000 1.000000
0.998931 -0.005449 0.045911 0.000000 0.007333 0.999134 -0.040959 4.340000 -0.045648 0.041251 0.998106 0.926900 0.000000 0.000000 0.000000 1.000000
0.999017 -0.003678 0.044180 -0.000000 0.005460 0.999174 -0.040262 4.340000 -0.043996 0.040464 0.998212 0.926900 0.000000 0.000000 0.000000 1.000000
0.999058 -0.001961 0.043342 0.000000 0.003580 0.999297 -0.037326 4.340000 -0.043238 0.037446 0.998363 0.926900 0.000000 0.000000 0.000000 1.000000
0.999078 -0.001078 0.042923 0.000000 0.002519 0.999434 -0.033545 4.340000 -0.042862 0.033622 0.998515 0.926900 0.000000 0.000000 0.000000 1.000000
0.999098 -0.001625 0.042435 0.000000 0.002901 0.999545 -0.030025 4.340000 -0.042367 0.030121 0.998648 0.926900 0.000000 0.000000 0.000000 1.000000
0.999122 -0.003323 0.041763 0.000000 0.004466 0.999617 -0.027310 4.340000 -0.041656 0.027472 0.998754 0.926900 0.000000 0.000000 0.000000 1.000000
0.999143 -0.004848 0.041111 0.000000 0.005900 0.999657 -0.025521 4.340000 -0.040973 0.025741 0.998829 0.926900 0.000000 0.000000 0.000000 1.000000
0.999159 -0.004693 0.040744 0.000000 0.005699 0.999681 -0.024618 4.340000 -0.040616 0.024830 0.998866 0.926900 0.000000 0.000000 0.000000 1.000000
0.999160 -0.002351 0.040914 0.000000 0.003361 0.999691 -0.024617 4.340000 -0.040843 0.024734 0.998859 0.926900 0.000000 0.000000 0.000000 1.000000
0.999122 0.001364 0.041867 0.000000 -0.000292 0.999672 -0.025604 4.340000 -0.041889 0.025569 0.998795 0.926900 0.000000 0.000000 0.000000 1.000000
0.999030 0.005172 0.043729 0.000000 -0.003969 0.999613 -0.027545 4.340000 -0.043854 0.027345 0.998664 0.926900 0.000000 0.000000 0.000000 1.000000
0.998886 0.008206 0.046460 -0.000000 -0.006804 0.999519 -0.030261 4.340000 -0.046686 0.029911 0.998462 0.926900 0.000000 0.000000 0.000000 1.000000
0.998735 0.010000 0.049279 0.000000 -0.008237 0.999323 -0.035847 4.340000 -0.049604 0.035396 0.998142 0.926900 0.000000 0.000000 0.000000 1.000000
0.998594 0.010632 0.051931 0.000000 -0.008593 0.999189 -0.039337 4.340000 -0.052307 0.038835 0.997876 0.926900 0.000000 0.000000 0.000000 1.000000
0.998491 0.009364 0.054109 -0.000000 -0.007173 0.999152 -0.040538 4.340000 -0.054443 0.040089 0.997712 0.926900 0.000000 0.000000 0.000000 1.000000
0.998435 0.005954 0.055600 -0.000000 -0.003750 0.999206 -0.039659 4.340000 -0.055792 0.039388 0.997665 0.926900 0.000000 0.000000 0.000000 1.000000
0.998404 0.001388 0.056464 0.000000 0.000731 0.999297 -0.037495 4.340000 -0.056476 0.037476 0.997700 0.926900 0.000000 0.000000 0.000000 1.000000
0.998375 -0.002280 0.056944 0.000000 0.004293 0.999369 -0.035253 4.340000 -0.056827 0.035440 0.997755 0.926900 0.000000 0.000000 0.000000 1.000000
0.998356 -0.003111 0.057231 -0.000000 0.005070 0.999405 -0.034115 4.340000 -0.057091 0.034349 0.997778 0.926900 0.000000 0.000000 0.000000 1.000000
0.998354 -0.000778 0.057340 0.000000 0.002753 0.999405 -0.034370 4.340000 -0.057279 0.034472 0.997763 0.926900 0.000000 0.000000 0.000000 1.000000
0.998360 0.002927 0.057174 0.000000 -0.000933 0.999391 -0.034871 4.340000 -0.057241 0.034760 0.997755 0.926900 0.000000 0.000000 0.000000 1.000000
0.998378 0.005254 0.056687 -0.000000 -0.003333 0.999419 -0.033922 4.340000 -0.056832 0.033678 0.997816 0.926900 0.000000 0.000000 0.000000 1.000000
0.998422 0.004482 0.055982 0.000000 -0.002739 0.999510 -0.031178 4.340000 -0.056095 0.030975 0.997945 0.926900 0.000000 0.000000 0.000000 1.000000
0.998477 0.001060 0.055161 -0.000000 0.000512 0.999595 -0.028465 4.340000 -0.055169 0.028450 0.998072 0.926900 0.000000 0.000000 0.000000 1.000000
0.998533 -0.003024 0.054062 0.000000 0.004561 0.999588 -0.028324 4.340000 -0.053954 0.028529 0.998136 0.926900 0.000000 0.000000 0.000000 1.000000
0.998613 -0.005877 0.052318 0.000000 0.007536 0.999473 -0.031567 4.340000 -0.052105 0.031918 0.998131 0.926900 0.000000 0.000000 0.000000 1.000000</float_array><technique_common><accessor source="#swat_Neck1-Matrix-animation-output-transform-array" count="28" stride="16"><param type="float4x4"/></accessor></technique_common></source><source id="swat_Neck1-Interpolations"><Name_array id="swat_Neck1-Interpolations-array" count="28">
 LINEAR LINEAR LINEAR LINEAR LINEAR LINEAR LINEAR LINEAR LINEAR LINEAR LINEAR
LINEAR LINEAR LINEAR LINEAR LINEAR LINEAR LINEAR LINEAR LINEAR LINEAR LINEAR LINEAR
LINEAR LINEAR LINEAR LINEAR LINEAR</Name_array><technique_common><accessor source="#swat_Neck1-Interpolations-array" count="28"><param type="name"/></accessor></technique_common></source><sampler id="swat_Neck1-Matrix-animation-transform"><input semantic="INPUT" source="#swat_Neck1-Matrix-animation-input"/><input semantic="OUTPUT" source="#swat_Neck1-Matrix-animation-output-transform"/><input semantic="INTERPOLATION" source="#swat_Neck1-Interpolations"/></sampler><channel source="#swat_Neck1-Matrix-animation-transform" target="swat_Neck1/matrix"/></animation>
    <animation id="swat_Head-anim" name="swat_Head"><source id="swat_Head-Matrix-animation-input"><float_array id="swat_Head-Matrix-animation-input-array" count="28">

0.000000 0.033333 0.066667 0.100000 0.133333 0.166667 0.200000 0.233333 0.266667 0.300000 0.333333 0.366667 0.400000 0.433333 0.466667 0.500000
0.533333 0.566667 0.600000 0.633333 0.666667 0.700000 0.733333 0.766667 0.800000 0.833333 0.866667 0.900000</float_array><technique_common><accessor source="#swat_Head-Matrix-animation-input-array" count="28"><param name="TIME" type="float"/></accessor></technique_common></source><source id="swat_Head-Matrix-animation-output-transform"><float_array id="swat_Head-Matrix-animation-output-transform-array" count="448">

0.998669 -0.006574 0.051153 0.000000 0.008319 0.999388 -0.033977 4.026600 -0.050898 0.034357 0.998113 0.858500 0.000000 0.000000 0.000000 1.000000
0.998803 -0.006631 0.048458 0.000000 0.008506 0.999219 -0.038596 4.026600 -0.048164 0.038962 0.998079 0.858500 0.000000 0.000000 0.000000 1.000000
0.998931 -0.005449 0.045911 0.000000 0.007333 0.999134 -0.040958 4.026600 -0.045648 0.041250 0.998106 0.858500 0.000000 0.000000 0.000000 1.000000
0.999017 -0.003679 0.044180 -0.000000 0.005460 0.999174 -0.040262 4.026600 -0.043996 0.040464 0.998212 0.858500 0.000000 0.000000 0.000000 1.000000
0.999058 -0.001961 0.043342 -0.000000 0.003581 0.999297 -0.037326 4.026600 -0.043238 0.037446 0.998363 0.858500 0.000000 0.000000 0.000000 1.000000
0.999078 -0.001078 0.042923 0.000000 0.002519 0.999434 -0.033545 4.026600 -0.042863 0.033622 0.998515 0.858500 0.000000 0.000000 0.000000 1.000000
0.999098 -0.001626 0.042435 -0.000000 0.002902 0.999545 -0.030025 4.026600 -0.042367 0.030121 0.998648 0.858500 0.000000 0.000000 0.000000 1.000000
0.999122 -0.003323 0.041763 -0.000000 0.004466 0.999617 -0.027309 4.026600 -0.041656 0.027471 0.998754 0.858500 0.000000 0.000000 0.000000 1.000000
0.999143 -0.004847 0.041110 0.000000 0.005900 0.999657 -0.025521 4.026600 -0.040973 0.025741 0.998829 0.858500 0.000000 0.000000 0.000000 1.000000
0.999159 -0.004693 0.040744 0.000000 0.005699 0.999681 -0.024618 4.026600 -0.040616 0.024829 0.998866 0.858500 0.000000 0.000000 0.000000 1.000000
0.999160 -0.002352 0.040914 0.000000 0.003361 0.999691 -0.024617 4.026600 -0.040844 0.024734 0.998859 0.858500 0.000000 0.000000 0.000000 1.000000
0.999122 0.001365 0.041867 -0.000000 -0.000292 0.999672 -0.025604 4.026600 -0.041888 0.025569 0.998795 0.858500 0.000000 0.000000 0.000000 1.000000
0.999030 0.005172 0.043729 -0.000000 -0.003969 0.999613 -0.027545 4.026600 -0.043854 0.027345 0.998664 0.858500 0.000000 0.000000 0.000000 1.000000
0.998886 0.008206 0.046460 0.000000 -0.006804 0.999519 -0.030261 4.026600 -0.046686 0.029911 0.998462 0.858500 0.000000 0.000000 0.000000 1.000000
0.998735 0.010000 0.049279 0.000000 -0.008237 0.999323 -0.035844 4.026600 -0.049604 0.035392 0.998142 0.858500 0.000000 0.000000 0.000000 1.000000
0.998594 0.010633 0.051931 0.000000 -0.008593 0.999189 -0.039337 4.026600 -0.052308 0.038835 0.997876 0.858500 0.000000 0.000000 0.000000 1.000000
0.998491 0.009364 0.054109 0.000000 -0.007174 0.999152 -0.040538 4.026600 -0.054442 0.040089 0.997712 0.858500 0.000000 0.000000 0.000000 1.000000
0.998435 0.005954 0.055600 0.000000 -0.003750 0.999206 -0.039658 4.026600 -0.055792 0.039388 0.997665 0.858500 0.000000 0.000000 0.000000 1.000000
0.998404 0.001388 0.056464 0.000000 0.000731 0.999297 -0.037494 4.026600 -0.056476 0.037476 0.997700 0.858500 0.000000 0.000000 0.000000 1.000000
0.998375 -0.002280 0.056944 0.000000 0.004292 0.999369 -0.035249 4.026600 -0.056827 0.035437 0.997755 0.858500 0.000000 0.000000 0.000000 1.000000
0.998356 -0.003111 0.057231 0.000000 0.005070 0.999405 -0.034115 4.026600 -0.057091 0.034349 0.997778 0.858500 0.000000 0.000000 0.000000 1.000000
0.998354 -0.000778 0.057340 0.000000 0.002753 0.999405 -0.034371 4.026600 -0.057279 0.034472 0.997763 0.858500 0.000000 0.000000 0.000000 1.000000
