<?xml version="1.0" encoding="utf-8"?>
<COLLADA xmlns="http://www.collada.org/2005/11/COLLADASchema" version="1.4.1">
  <asset><contributor><author>Mixamo</author><authoring_tool>COLLADA Mixamo exporter</authoring_tool><comments></comments></contributor><created>2018-06-07T18:17:28Z</created><modified>2018-06-07T18:17:28Z</modified><revision></revision><title></title><unit meter="0.010000"/><up_axis>Y_UP</up_axis></asset>
  <library_animations>
    <animation id="swat_Hips-anim" name="swat_Hips"><source id="swat_Hips-Matrix-animation-input"><float_array id="swat_Hips-Matrix-animation-input-array" count="21">

0.000000 0.033333 0.066667 0.100000 0.133333 0.166667 0.200000 0.233333 0.266667 0.300000 0.333333 0.366667 0.400000 0.433333 0.466667 0.500000
0.533333 0.566667 0.600000 0.633333 0.666667</float_array><technique_common><accessor source="#swat_Hips-Matrix-animation-input-array" count="21"><param name="TIME" type="float"/></accessor></technique_common></source><source id="swat_Hips-Matrix-animation-output-transform"><float_array id="swat_Hips-Matrix-animation-output-transform-array" count="336">

0.159608 -0.339074 -0.927122 0.550821 -0.020614 0.937812 -0.346532 85.447151 0.986965 0.074421 0.142692 0.083133 0.000000 0.000000 0.000000 1.000000
0.141086 -0.352651 -0.925058 0.471674 0.011758 0.934935 -0.354623 85.593956 0.989928 0.039155 0.136053 0.238489 0.000000 0.000000 0.000000 1.000000
0.125965 -0.362347 -0.923492 0.363876 0.061487 0.931969 -0.357286 86.503510 0.990127 -0.011777 0.139675 0.441487 0.000000 0.000000 0.000000 1.000000
0.126975 -0.366023 -0.921903 -0.084085 0.106256 0.929097 -0.354245 87.646431 0.986198 -0.052978 0.156864 0.525404 0.000000 0.000000 0.000000 1.000000
0.149773 -0.360795 -0.920541 -0.981754 0.120458 0.930765 -0.345204 88.264359 0.981355 -0.059185 0.182864 0.448764 0.000000 0.000000 0.000000 1.000000
0.188798 -0.342576 -0.920324 -2.561145 0.095564 0.939140 -0.329975 88.258064 0.977355 -0.025651 0.210046 0.308865 0.000000 0.000000 0.000000 1.000000
0.231872 -0.313693 -0.920778 -4.511779 0.059902 0.949384 -0.308354 88.099365 0.970900 0.016342 0.238926 0.274415 0.000000 0.000000 0.000000 1.000000
0.261533 -0.290310 -0.920500 -5.703642 0.048039 0.956427 -0.287992 87.777237 0.963998 0.031099 0.264083 0.438147 0.000000 0.000000 0.000000 1.000000
0.268616 -0.291714 -0.918013 -5.680315 0.064895 0.956355 -0.284909 86.860390 0.961059 0.016956 0.275823 0.767304 0.000000 0.000000 0.000000 1.000000
0.267587 -0.317349 -0.909773 -4.820447 0.096951 0.948281 -0.302265 85.777550 0.958644 -0.007321 0.284515 1.202642 0.000000 0.000000 0.000000 1.000000
0.271957 -0.341040 -0.899850 -4.009261 0.121673 0.939776 -0.319399 85.041107 0.954586 -0.022625 0.297075 1.628062 0.000000 0.000000 0.000000 1.000000
0.279634 -0.342645 -0.896883 -3.438059 0.118437 0.939325 -0.321933 84.908730 0.952774 -0.016201 0.303249 1.831204 0.000000 0.000000 0.000000 1.000000
0.282809 -0.329641 -0.900753 -2.814591 0.079321 0.943911 -0.320531 85.453499 0.955891 0.019200 0.293094 1.640640 0.000000 0.000000 0.000000 1.000000
0.276654 -0.321130 -0.905725 -2.067105 0.017933 0.944073 -0.329249 86.501358 0.960802 0.074845 0.266940 1.117615 0.000000 0.000000 0.000000 1.000000
0.260140 -0.327746 -0.908245 -1.433269 -0.027625 0.937719 -0.346294 87.712662 0.965176 0.115176 0.234884 0.572757 0.000000 0.000000 0.000000 1.000000
0.237666 -0.341653 -0.909279 -0.999801 -0.034388 0.932555 -0.359387 88.439682 0.970738 0.116682 0.209888 0.309515 0.000000 0.000000 0.000000 1.000000
0.214167 -0.347533 -0.912882 -0.970809 -0.016322 0.933163 -0.359083 88.508865 0.976661 0.091804 0.194180 0.338456 0.000000 0.000000 0.000000 1.000000
0.190887 -0.340539 -0.920650 -1.364963 -0.004870 0.937556 -0.347802 87.946228 0.981600 0.070874 0.177308 0.379505 0.000000 0.000000 0.000000 1.000000
0.171465 -0.331356 -0.927795 -1.473237 -0.010347 0.941084 -0.338014 86.964218 0.985136 0.067558 0.157935 0.275585 0.000000 0.000000 0.000000 1.000000
0.161083 -0.330958 -0.929795 -0.720057 -0.020340 0.940785 -0.338393 86.069702 0.986731 0.073422 0.144813 0.118097 0.000000 0.000000 0.000000 1.000000
0.159608 -0.339073 -0.927122 0.550819 -0.020614 0.937812 -0.346532 85.447166 0.986965 0.074421 0.142692 0.083132 0.000000 0.000000 0.000000 1.000000</float_array><technique_common><accessor source="#swat_Hips-Matrix-animation-output-transform-array" count="21" stride="16"><param type="float4x4"/></accessor></technique_common></source><source id="swat_Hips-Interpolations"><Name_array id="swat_Hips-Interpolations-array" count="21">
 LINEAR LINEAR LINEAR LINEAR LINEAR LINEAR LINEAR LINEAR LINEAR LINEAR LINEAR
LINEAR LINEAR LINEAR LINEAR LINEAR LINEAR LINEAR LINEAR LINEAR LINEAR</Name_array><technique_common><accessor source="#swat_Hips-Interpolations-array" count="21"><param type="name"/></accessor></technique_common></source><sampler id="swat_Hips-Matrix-animation-transform"><input semantic="INPUT" source="#swat_Hips-Matrix-animation-input"/><input semantic="OUTPUT" source="#swat_Hips-Matrix-animation-output-transform"/><input semantic="INTERPOLATION" source="#swat_Hips-Interpolations"/></sampler><channel source="#swat_Hips-Matrix-animation-transform" target="swat_Hips/matrix"/></animation>
    <animation id="swat_Spine-anim" name="swat_Spine"><source id="swat_Spine-Matrix-animation-input"><float_array id="swat_Spine-Matrix-animation-input-array" count="21">

0.000000 0.033333 0.066667 0.100000 0.133333 0.166667 0.200000 0.233333 0.266667 0.300000 0.333333 0.366667 0.400000 0.433333 0.466667 0.500000
0.533333 0.566667 0.600000 0.633333 0.666667</float_array><technique_common><accessor source="#swat_Spine-Matrix-animation-input-array" count="21"><param name="TIME" type="float"/></accessor></technique_common></source><source id="swat_Spine-Matrix-animation-output-transform"><float_array id="swat_Spine-Matrix-animation-output-transform-array" count="336">

0.983113 0.042942 0.177889 0.000000 -0.014934 0.987663 -0.155884 9.226300 -0.182389 0.150595 0.971625 1.577100 0.000000 0.000000 0.000000 1.000000
0.973366 0.088203 0.211611 0.000000 -0.053487 0.984925 -0.164507 9.226300 -0.222931 0.148807 0.963410 1.577100 0.000000 0.000000 0.000000 1.000000
0.957642 0.150242 0.245662 0.000000 -0.109477 0.979000 -0.171972 9.226300 -0.266340 0.137793 0.953979 1.577100 0.000000 0.000000 0.000000 1.000000
0.938430 0.201068 0.280928 -0.000000 -0.155296 0.971907 -0.176859 9.226300 -0.308597 0.122343 0.943292 1.577100 0.000000 0.000000 0.000000 1.000000
0.924961 0.215939 0.312759 0.000000 -0.167566 0.970317 -0.174375 9.226300 -0.341130 0.108883 0.933689 1.577100 0.000000 0.000000 0.000000 1.000000
0.923332 0.190392 0.333479 0.000000 -0.143222 0.976513 -0.160966 9.226300 -0.356293 0.100864 0.928914 1.577100 0.000000 0.000000 0.000000 1.000000
0.932285 0.150151 0.329090 0.000000 -0.107335 0.983634 -0.144721 9.226300 -0.345434 0.099599 0.933143 1.577100 0.000000 0.000000 0.000000 1.000000
0.947914 0.127694 0.291811 0.000000 -0.090138 0.986216 -0.138756 9.226300 -0.305507 0.105225 0.946358 1.577100 0.000000 0.000000 0.000000 1.000000
0.964059 0.128482 0.232556 0.000000 -0.096628 0.984912 -0.143570 9.226300 -0.247493 0.115939 0.961928 1.577100 0.000000 0.000000 0.000000 1.000000
0.975557 0.137841 0.171137 0.000000 -0.112014 0.981954 -0.152378 9.226300 -0.189053 0.129484 0.973393 1.577100 0.000000 0.000000 0.000000 1.000000
0.982140 0.137994 0.127902 0.000000 -0.116884 0.980176 -0.159979 9.226300 -0.147443 0.142172 0.978799 1.577100 0.000000 0.000000 0.000000 1.000000
0.987509 0.117528 0.104944 -0.000000 -0.099822 0.981987 -0.160427 9.226300 -0.121908 0.147947 0.981453 1.577100 0.000000 0.000000 0.000000 1.000000
0.993287 0.073576 0.089256 0.000000 -0.059763 0.987088 -0.148612 9.226300 -0.099038 0.142281 0.984859 1.577100 0.000000 0.000000 0.000000 1.000000
0.997408 0.017433 0.069808 0.000000 -0.008284 0.991575 -0.129268 9.226300 -0.071473 0.128355 0.989149 1.577100 0.000000 0.000000 0.000000 1.000000
0.998798 -0.021737 0.043931 -0.000000 0.026671 0.993000 -0.115063 9.226300 -0.041122 0.116096 0.992386 1.577100 0.000000 0.000000 0.000000 1.000000
0.999443 -0.025921 0.021027 0.000000 0.028124 0.993270 -0.112356 9.226300 -0.017973 0.112885 0.993446 1.577100 0.000000 0.000000 0.000000 1.000000
0.999877 -0.002568 0.015466 0.000000 0.004362 0.993113 -0.117075 9.226300 -0.015059 0.117129 0.993003 1.577100 0.000000 0.000000 0.000000 1.000000
0.999050 0.023244 0.036855 -0.000000 -0.018495 0.992069 -0.124323 9.226300 -0.039453 0.123523 0.991557 1.577100 0.000000 0.000000 0.000000 1.000000
0.996104 0.034461 0.081177 -0.000000 -0.023449 0.990853 -0.132890 9.226300 -0.085014 0.130469 0.987801 1.577100 0.000000 0.000000 0.000000 1.000000
0.990424 0.035422 0.133441 -0.000000 -0.016140 0.989605 -0.142904 9.226300 -0.137115 0.139381 0.980700 1.577100 0.000000 0.000000 0.000000 1.000000
0.983113 0.042941 0.177890 0.000000 -0.014934 0.987663 -0.155884 9.226300 -0.182389 0.150595 0.971625 1.577100 0.000000 0.000000 0.000000 1.000000</float_array><technique_common><accessor source="#swat_Spine-Matrix-animation-output-transform-array" count="21" stride="16"><param type="float4x4"/></accessor></technique_common></source><source id="swat_Spine-Interpolations"><Name_array id="swat_Spine-Interpolations-array" count="21">
 LINEAR LINEAR LINEAR LINEAR LINEAR LINEAR LINEAR LINEAR LINEAR LINEAR LINEAR
LINEAR LINEAR LINEAR LINEAR LINEAR LINEAR LINEAR LINEAR LINEAR LINEAR</Name_array><technique_common><accessor source="#swat_Spine-Interpolations-array" count="21"><param type="name"/></accessor></technique_common></source><sampler id="swat_Spine-Matrix-animation-transform"><input semantic="INPUT" source="#swat_Spine-Matrix-animation-input"/><input semantic="OUTPUT" source="#swat_Spine-Matrix-animation-output-transform"/><input semantic="INTERPOLATION" source="#swat_Spine-Interpolations"/></sampler><channel source="#swat_Spine-Matrix-animation-transform" target="swat_Spine/matrix"/></animation>
    <animation id="swat_Spine1-anim" name="swat_Spine1"><source id="swat_Spine1-Matrix-animation-input"><float_array id="swat_Spine1-Matrix-animation-input-array" count="21">

0.000000 0.033333 0.066667 0.100000 0.133333 0.166667 0.200000 0.233333 0.266667 0.300000 0.333333 0.366667 0.400000 0.433333 0.466667 0.500000
0.533333 0.566667 0.600000 0.633333 0.666667</float_array><technique_common><accessor source="#swat_Spine1-Matrix-animation-input-array" count="21"><param name="TIME" type="float"/></accessor></technique_common></source><source id="swat_Spine1-Matrix-animation-output-transform"><float_array id="swat_Spine1-Matrix-animation-output-transform-array" count="336">

0.997047 0.023389 0.073146 -0.000000 -0.018892 0.997923 -0.061580 16.254000 -0.074435 0.060016 0.995418 -0.165600 0.000000 0.000000 0.000000 1.000000
0.995082 0.036346 0.092147 0.000000 -0.030669 0.997586 -0.062298 16.254000 -0.094189 0.059165 0.993795 -0.165600 0.000000 0.000000 0.000000 1.000000
0.992561 0.050543 0.110757 -0.000000 -0.043938 0.997153 -0.061281 16.254000 -0.113539 0.055959 0.991956 -0.165600 0.000000 0.000000 0.000000 1.000000
0.990176 0.060723 0.125954 0.000000 -0.053595 0.996804 -0.059239 16.254000 -0.129148 0.051907 0.990266 -0.165600 0.000000 0.000000 0.000000 1.000000
0.988807 0.063250 0.135133 0.000000 -0.056137 0.996862 -0.055818 16.254000 -0.138239 0.047607 0.989254 -0.165600 0.000000 0.000000 0.000000 1.000000
0.988696 0.059614 0.137575 0.000000 -0.053018 0.997284 -0.051127 16.254000 -0.140249 0.043255 0.989171 -0.165600 0.000000 0.000000 0.000000 1.000000
0.989580 0.054787 0.133155 0.000000 -0.048873 0.997685 -0.047285 16.254000 -0.135437 0.040285 0.989967 -0.165600 0.000000 0.000000 0.000000 1.000000
0.991305 0.052144 0.120815 0.000000 -0.046791 0.997811 -0.046734 16.254000 -0.122988 0.040674 0.991574 -0.165600 0.000000 0.000000 0.000000 1.000000
0.993574 0.051246 0.100919 0.000000 -0.046426 0.997692 -0.049543 16.254000 -0.103225 0.044540 0.993660 -0.165600 0.000000 0.000000 0.000000 1.000000
0.995647 0.050045 0.078629 -0.000000 -0.045885 0.997494 -0.053848 16.254000 -0.081126 0.050006 0.995449 -0.165600 0.000000 0.000000 0.000000 1.000000
0.997034 0.047162 0.060811 -0.000000 -0.043665 0.997384 -0.057607 16.254000 -0.063369 0.054781 0.996486 -0.165600 0.000000 0.000000 0.000000 1.000000
0.997964 0.041122 0.048745 0.000000 -0.038231 0.997536 -0.058822 16.254000 -0.051044 0.056839 0.997078 -0.165600 0.000000 0.000000 0.000000 1.000000
0.998809 0.030078 0.038425 0.000000 -0.027881 0.998014 -0.056483 16.254000 -0.040048 0.055344 0.997664 -0.165600 0.000000 0.000000 0.000000 1.000000
0.999508 0.015656 0.027166 -0.000000 -0.014222 0.998535 -0.052214 16.254000 -0.027944 0.051802 0.998266 -0.165600 0.000000 0.000000 0.000000 1.000000
0.999859 0.004585 0.016143 0.000000 -0.003792 0.998800 -0.048831 16.254000 -0.016347 0.048763 0.998677 -0.165600 0.000000 0.000000 0.000000 1.000000
0.999955 0.002558 0.009091 -0.000000 -0.002124 0.998872 -0.047443 16.254000 -0.009202 0.047421 0.998833 -0.165600 0.000000 0.000000 0.000000 1.000000
0.999919 0.007889 0.009973 0.000000 -0.007406 0.998844 -0.047491 16.254000 -0.010336 0.047413 0.998822 -0.165600 0.000000 0.000000 0.000000 1.000000
0.999701 0.013992 0.020032 -0.000000 -0.013002 0.998728 -0.048723 16.254000 -0.020688 0.048448 0.998611 -0.165600 0.000000 0.000000 0.000000 1.000000
0.999186 0.017085 0.036535 -0.000000 -0.015188 0.998553 -0.051589 16.254000 -0.037364 0.050992 0.998000 -0.165600 0.000000 0.000000 0.000000 1.000000
0.998297 0.018948 0.055166 0.000000 -0.015846 0.998298 -0.056132 16.254000 -0.056135 0.055162 0.996898 -0.165600 0.000000 0.000000 0.000000 1.000000
0.997047 0.023389 0.073146 0.000000 -0.018892 0.997923 -0.061580 16.254000 -0.074435 0.060016 0.995418 -0.165600 0.000000 0.000000 0.000000 1.000000</float_array><technique_common><accessor source="#swat_Spine1-Matrix-animation-output-transform-array" count="21" stride="16"><param type="float4x4"/></accessor></technique_common></source><source id="swat_Spine1-Interpolations"><Name_array id="swat_Spine1-Interpolations-array" count="21">
 LINEAR LINEAR LINEAR LINEAR LINEAR LINEAR LINEAR LINEAR LINEAR LINEAR LINEAR
LINEAR LINEAR LINEAR LINEAR LINEAR LINEAR LINEAR LINEAR LINEAR LINEAR</Name_array><technique_common><accessor source="#swat_Spine1-Interpolations-array" count="21"><param type="name"/></accessor></technique_common></source><sampler id="swat_Spine1-Matrix-animation-transform"><input semantic="INPUT" source="#swat_Spine1-Matrix-animation-input"/><input semantic="OUTPUT" source="#swat_Spine1-Matrix-animation-output-transform"/><input semantic="INTERPOLATION" source="#swat_Spine1-Interpolations"/></sampler><channel source="#swat_Spine1-Matrix-animation-transform" target="swat_Spine1/matrix"/></animation>
    <animation id="swat_Spine2-anim" name="swat_Spine2"><source id="swat_Spine2-Matrix-animation-input"><float_array id="swat_Spine2-Matrix-animation-input-array" count="21">

0.000000 0.033333 0.066667 0.100000 0.133333 0.166667 0.200000 0.233333 0.266667 0.300000 0.333333 0.366667 0.400000 0.433333 0.466667 0.500000
0.533333 0.566667 0.600000 0.633333 0.666667</float_array><technique_common><accessor source="#swat_Spine2-Matrix-animation-input-array" count="21"><param name="TIME" type="float"/></accessor></technique_common></source><source id="swat_Spine2-Matrix-animation-output-transform"><float_array id="swat_Spine2-Matrix-animation-output-transform-array" count="336">

0.997042 0.024261 0.072929 -0.000000 -0.019784 0.997911 -0.061497 13.639600 -0.074268 0.059872 0.995439 -1.292300 0.000000 0.000000 0.000000 1.000000
0.995073 0.037524 0.091766 0.000000 -0.031883 0.997555 -0.062184 13.639600 -0.093875 0.058952 0.993837 -1.292300 0.000000 0.000000 0.000000 1.000000
0.992538 0.051852 0.110359 0.000000 -0.045323 0.997116 -0.060878 13.639600 -0.113197 0.055422 0.992026 -1.292300 0.000000 0.000000 0.000000 1.000000
0.990132 0.062113 0.125618 0.000000 -0.055113 0.996768 -0.058451 13.639600 -0.128843 0.050951 0.990355 -1.292300 0.000000 0.000000 0.000000 1.000000
0.988750 0.064870 0.134778 0.000000 -0.057922 0.996813 -0.054853 13.639600 -0.137907 0.046430 0.989356 -1.292300 0.000000 0.000000 0.000000 1.000000
0.988647 0.061660 0.137025 0.000000 -0.055214 0.997204 -0.050358 13.639600 -0.139747 0.042221 0.989287 -1.292300 0.000000 0.000000 0.000000 1.000000
0.989551 0.057182 0.132361 0.000000 -0.051373 0.997578 -0.046896 13.639600 -0.134722 0.039606 0.990092 -1.292300 0.000000 0.000000 0.000000 1.000000
0.991285 0.054468 0.119944 0.000000 -0.049185 0.997703 -0.046578 13.639600 -0.122205 0.040273 0.991687 -1.292300 0.000000 0.000000 0.000000 1.000000
0.993552 0.053062 0.100194 -0.000000 -0.048300 0.997612 -0.049368 13.639600 -0.102574 0.044210 0.993742 -1.292300 0.000000 0.000000 0.000000 1.000000
0.995624 0.051261 0.078130 0.000000 -0.047153 0.997452 -0.053544 13.639600 -0.080675 0.049625 0.995504 -1.292300 0.000000 0.000000 0.000000 1.000000
0.997015 0.048009 0.060474 0.000000 -0.044554 0.997366 -0.057240 13.639600 -0.063063 0.054374 0.996527 -1.292300 0.000000 0.000000 0.000000 1.000000
0.997946 0.041804 0.048541 0.000000 -0.038941 0.997528 -0.058487 13.639600 -0.050866 0.056477 0.997107 -1.292300 0.000000 0.000000 0.000000 1.000000
0.998793 0.030594 0.038430 0.000000 -0.028408 0.998015 -0.056199 13.639600 -0.040073 0.055040 0.997680 -1.292300 0.000000 0.000000 0.000000 1.000000
0.999496 0.015951 0.027430 0.000000 -0.014510 0.998543 -0.051980 13.639600 -0.028219 0.051555 0.998271 -1.292300 0.000000 0.000000 0.000000 1.000000
0.999852 0.004711 0.016568 0.000000 -0.003899 0.998808 -0.048659 13.639600 -0.016778 0.048587 0.998678 -1.292300 0.000000 0.000000 0.000000 1.000000
0.999951 0.002640 0.009497 -0.000000 -0.002188 0.998877 -0.047326 13.639600 -0.009611 0.047302 0.998834 -1.292300 0.000000 0.000000 0.000000 1.000000
0.999915 0.008021 0.010242 0.000000 -0.007527 0.998848 -0.047389 13.639600 -0.010610 0.047308 0.998824 -1.292300 0.000000 0.000000 0.000000 1.000000
0.999696 0.014213 0.020160 -0.000000 -0.013219 0.998731 -0.048596 13.639600 -0.020825 0.048315 0.998615 -1.292300 0.000000 0.000000 0.000000 1.000000
0.999179 0.017434 0.036562 0.000000 -0.015542 0.998556 -0.051427 13.639600 -0.037406 0.050816 0.998007 -1.292300 0.000000 0.000000 0.000000 1.000000
0.998291 0.019508 0.055094 -0.000000 -0.016418 0.998297 -0.055978 13.639600 -0.056092 0.054978 0.996911 -1.292300 0.000000 0.000000 0.000000 1.000000
0.997042 0.024261 0.072929 0.000000 -0.019784 0.997911 -0.061497 13.639600 -0.074268 0.059872 0.995439 -1.292300 0.000000 0.000000 0.000000 1.000000</float_array><technique_common><accessor source="#swat_Spine2-Matrix-animation-output-transform-array" count="21" stride="16"><param type="float4x4"/></accessor></technique_common></source><source id="swat_Spine2-Interpolations"><Name_array id="swat_Spine2-Interpolations-array" count="21">
 LINEAR LINEAR LINEAR LINEAR LINEAR LINEAR LINEAR LINEAR LINEAR LINEAR LINEAR
LINEAR LINEAR LINEAR LINEAR LINEAR LINEAR LINEAR LINEAR LINEAR LINEAR</Name_array><technique_common><accessor source="#swat_Spine2-Interpolations-array" count="21"><param type="name"/></accessor></technique_common></source><sampler id="swat_Spine2-Matrix-animation-transform"><input semantic="INPUT" source="#swat_Spine2-Matrix-animation-input"/><input semantic="OUTPUT" source="#swat_Spine2-Matrix-animation-output-transform"/><input semantic="INTERPOLATION" source="#swat_Spine2-Interpolations"/></sampler><channel source="#swat_Spine2-Matrix-animation-transform" target="swat_Spine2/matrix"/></animation>
    <animation id="swat_Neck-anim" name="swat_Neck"><source id="swat_Neck-Matrix-animation-input"><float_array id="swat_Neck-Matrix-animation-input-array" count="21">

0.000000 0.033333 0.066667 0.100000 0.133333 0.166667 0.200000 0.233333 0.266667 0.300000 0.333333 0.366667 0.400000 0.433333 0.466667 0.500000
0.533333 0.566667 0.600000 0.633333 0.666667</float_array><technique_common><accessor source="#swat_Neck-Matrix-animation-input-array" count="21"><param name="TIME" type="float"/></accessor></technique_common></source><source id="swat_Neck-Matrix-animation-output-transform"><float_array id="swat_Neck-Matrix-animation-output-transform-array" count="336">

0.997981 -0.012906 0.062195 -0.000000 0.011574 0.999697 0.021733 13.877400 -0.062456 -0.020970 0.997827 -4.354200 0.000000 0.000000 0.000000 1.000000
0.998331 -0.019826 0.054246 0.000000 0.018661 0.999586 0.021882 13.877400 -0.054657 -0.020834 0.998288 -4.354200 0.000000 0.000000 0.000000 1.000000
0.998623 -0.026751 0.045119 -0.000000 0.026012 0.999519 0.016887 13.877400 -0.045549 -0.015690 0.998839 -4.354200 0.000000 0.000000 0.000000 1.000000
0.998864 -0.031057 0.036153 -0.000000 0.030774 0.999492 0.008346 13.877400 -0.036394 -0.007223 0.999311 -4.354200 0.000000 0.000000 0.000000 1.000000
0.999040 -0.032626 0.029235 -0.000000 0.032664 0.999466 -0.000820 13.877400 -0.029193 0.001774 0.999572 -4.354200 0.000000 0.000000 0.000000 1.000000
0.999084 -0.034044 0.025922 -0.000000 0.034245 0.999387 -0.007339 13.877400 -0.025656 0.008220 0.999637 -4.354200 0.000000 0.000000 0.000000 1.000000
0.998970 -0.036131 0.027459 0.000000 0.036379 0.999301 -0.008590 13.877400 -0.027129 0.009580 0.999586 -4.354200 0.000000 0.000000 0.000000 1.000000
0.998770 -0.035533 0.034590 0.000000 0.035689 0.999355 -0.003905 13.877400 -0.034429 0.005135 0.999394 -4.354200 0.000000 0.000000 0.000000 1.000000
0.998527 -0.029525 0.045529 -0.000000 0.029379 0.999561 0.003878 13.877400 -0.045623 -0.002535 0.998956 -4.354200 0.000000 0.000000 0.000000 1.000000
0.998231 -0.021480 0.055442 -0.000000 0.020959 0.999731 0.009957 13.877400 -0.055640 -0.008777 0.998412 -4.354200 0.000000 0.000000 0.000000 1.000000
0.997991 -0.017332 0.060936 -0.000000 0.016654 0.999794 0.011626 13.877400 -0.061125 -0.010588 0.998074 -4.354200 0.000000 0.000000 0.000000 1.000000
0.997794 -0.017224 0.064119 -0.000000 0.016631 0.999814 0.009757 13.877400 -0.064275 -0.008669 0.997895 -4.354200 0.000000 0.000000 0.000000 1.000000
0.997469 -0.016018 0.069273 -0.000000 0.015547 0.999852 0.007332 13.877400 -0.069380 -0.006237 0.997571 -4.354200 0.000000 0.000000 0.000000 1.000000
0.996940 -0.011289 0.077356 -0.000000 0.010732 0.999913 0.007607 13.877400 -0.077435 -0.006753 0.996975 -4.354200 0.000000 0.000000 0.000000 1.000000
0.996301 -0.005718 0.085739 -0.000000 0.004725 0.999919 0.011779 13.877400 -0.085800 -0.011331 0.996248 -4.354200 0.000000 0.000000 0.000000 1.000000
0.995855 -0.002792 0.090916 -0.000000 0.001237 0.999852 0.017151 13.877400 -0.090950 -0.016967 0.995711 -4.354200 0.000000 0.000000 0.000000 1.000000
0.995871 -0.003191 0.090726 0.000000 0.001441 0.999812 0.019351 13.877400 -0.090771 -0.019140 0.995688 -4.354200 0.000000 0.000000 0.000000 1.000000
0.996326 -0.005321 0.085474 0.000000 0.003842 0.999840 0.017468 13.877400 -0.085554 -0.017075 0.996187 -4.354200 0.000000 0.000000 0.000000 1.000000
0.996961 -0.007690 0.077522 0.000000 0.006524 0.999862 0.015282 13.877400 -0.077628 -0.014729 0.996874 -4.354200 0.000000 0.000000 0.000000 1.000000
0.997541 -0.010040 0.069366 0.000000 0.008909 0.999823 0.016583 13.877400 -0.069521 -0.015924 0.997453 -4.354200 0.000000 0.000000 0.000000 1.000000
0.997981 -0.012906 0.062194 0.000000 0.011573 0.999697 0.021733 13.877400 -0.062456 -0.020970 0.997827 -4.354200 0.000000 0.000000 0.000000 1.000000</float_array><technique_common><accessor source="#swat_Neck-Matrix-animation-output-transform-array" count="21" stride="16"><param type="float4x4"/></accessor></technique_common></source><source id="swat_Neck-Interpolations"><Name_array id="swat_Neck-Interpolations-array" count="21">
 LINEAR LINEAR LINEAR LINEAR LINEAR LINEAR LINEAR LINEAR LINEAR LINEAR LINEAR
LINEAR LINEAR LINEAR LINEAR LINEAR LINEAR LINEAR LINEAR LINEAR LINEAR</Name_array><technique_common><accessor source="#swat_Neck-Interpolations-array" count="21"><param type="name"/></accessor></technique_common></source><sampler id="swat_Neck-Matrix-animation-transform"><input semantic="INPUT" source="#swat_Neck-Matrix-animation-input"/><input semantic="OUTPUT" source="#swat_Neck-Matrix-animation-output-transform"/><input semantic="INTERPOLATION" source="#swat_Neck-Interpolations"/></sampler><channel source="#swat_Neck-Matrix-animation-transform" target="swat_Neck/matrix"/></animation>
    <animation id="swat_Neck1-anim" name="swat_Neck1"><source id="swat_Neck1-Matrix-animation-input"><float_array id="swat_Neck1-Matrix-animation-input-array" count="21">

0.000000 0.033333 0.066667 0.100000 0.133333 0.166667 0.200000 0.233333 0.266667 0.300000 0.333333 0.366667 0.400000 0.433333 0.466667 0.500000
0.533333 0.566667 0.600000 0.633333 0.666667</float_array><technique_common><accessor source="#swat_Neck1-Matrix-animation-input-array" count="21"><param name="TIME" type="float"/></accessor></technique_common></source><source id="swat_Neck1-Matrix-animation-output-transform"><float_array id="swat_Neck1-Matrix-animation-output-transform-array" count="336">

0.997981 -0.012906 0.062194 -0.000000 0.011574 0.999697 0.021734 4.340000 -0.062456 -0.020970 0.997827 0.926900 0.000000 0.000000 0.000000 1.000000
0.998331 -0.019825 0.054246 0.000000 0.018661 0.999586 0.021882 4.340000 -0.054657 -0.020834 0.998288 0.926900 0.000000 0.000000 0.000000 1.000000
0.998623 -0.026752 0.045119 -0.000000 0.026013 0.999519 0.016884 4.340000 -0.045549 -0.015688 0.998839 0.926900 0.000000 0.000000 0.000000 1.000000
0.998864 -0.031056 0.036154 -0.000000 0.030774 0.999492 0.008346 4.340000 -0.036394 -0.007224 0.999311 0.926900 0.000000 0.000000 0.000000 1.000000
0.999040 -0.032626 0.029234 0.000000 0.032664 0.999466 -0.000820 4.340000 -0.029192 0.001774 0.999572 0.926900 0.000000 0.000000 0.000000 1.000000
0.999084 -0.034044 0.025922 0.000000 0.034244 0.999387 -0.007339 4.340000 -0.025656 0.008220 0.999637 0.926900 0.000000 0.000000 0.000000 1.000000
0.998970 -0.036131 0.027459 -0.000000 0.036379 0.999301 -0.008590 4.340000 -0.027129 0.009580 0.999586 0.926900 0.000000 0.000000 0.000000 1.000000
0.998770 -0.035533 0.034590 0.000000 0.035689 0.999355 -0.003902 4.340000 -0.034429 0.005132 0.999394 0.926900 0.000000 0.000000 0.000000 1.000000
0.998527 -0.029525 0.045528 -0.000000 0.029378 0.999561 0.003879 4.340000 -0.045623 -0.002535 0.998956 0.926900 0.000000 0.000000 0.000000 1.000000
0.998231 -0.021479 0.055442 0.000000 0.020958 0.999731 0.009957 4.340000 -0.055641 -0.008777 0.998412 0.926900 0.000000 0.000000 0.000000 1.000000
0.997991 -0.017332 0.060936 -0.000000 0.016654 0.999794 0.011626 4.340000 -0.061125 -0.010588 0.998074 0.926900 0.000000 0.000000 0.000000 1.000000
0.997794 -0.017223 0.064119 0.000000 0.016631 0.999814 0.009760 4.340000 -0.064275 -0.008672 0.997895 0.926900 0.000000 0.000000 0.000000 1.000000
0.997469 -0.016018 0.069272 0.000000 0.015547 0.999852 0.007333 4.340000 -0.069380 -0.006237 0.997571 0.926900 0.000000 0.000000 0.000000 1.000000
0.996940 -0.011288 0.077356 0.000000 0.010732 0.999913 0.007607 4.340000 -0.077435 -0.006754 0.996975 0.926900 0.000000 0.000000 0.000000 1.000000
0.996301 -0.005718 0.085739 0.000000 0.004725 0.999919 0.011779 4.340000 -0.085799 -0.011330 0.996248 0.926900 0.000000 0.000000 0.000000 1.000000
0.995855 -0.002792 0.090916 0.000000 0.001238 0.999852 0.017150 4.340000 -0.090950 -0.016967 0.995711 0.926900 0.000000 0.000000 0.000000 1.000000
0.995871 -0.003190 0.090726 0.000000 0.001440 0.999812 0.019351 4.340000 -0.090771 -0.019141 0.995688 0.926900 0.000000 0.000000 0.000000 1.000000
0.996326 -0.005321 0.085475 -0.000000 0.003841 0.999840 0.017468 4.340000 -0.085554 -0.017076 0.996187 0.926900 0.000000 0.000000 0.000000 1.000000
0.996961 -0.007690 0.077522 -0.000000 0.006524 0.999862 0.015282 4.340000 -0.077629 -0.014729 0.996874 0.926900 0.000000 0.000000 0.000000 1.000000
0.997541 -0.010040 0.069367 0.000000 0.008909 0.999823 0.016583 4.340000 -0.069521 -0.015924 0.997453 0.926900 0.000000 0.000000 0.000000 1.000000
0.997981 -0.012905 0.062194 0.000000 0.011573 0.999697 0.021733 4.340000 -0.062456 -0.020969 0.997827 0.926900 0.000000 0.000000 0.000000 1.000000</float_array><technique_common><accessor source="#swat_Neck1-Matrix-animation-output-transform-array" count="21" stride="16"><param type="float4x4"/></accessor></technique_common></source><source id="swat_Neck1-Interpolations"><Name_array id="swat_Neck1-Interpolations-array" count="21">
 LINEAR LINEAR LINEAR LINEAR LINEAR LINEAR LINEAR LINEAR LINEAR LINEAR LINEAR
LINEAR LINEAR LINEAR LINEAR LINEAR LINEAR LINEAR LINEAR LINEAR LINEAR</Name_array><technique_common><accessor source="#swat_Neck1-Interpolations-array" count="21"><param type="name"/></accessor></technique_common></source><sampler id="swat_Neck1-Matrix-animation-transform"><input semantic="INPUT" source="#swat_Neck1-Matrix-animation-input"/><input semantic="OUTPUT" source="#swat_Neck1-Matrix-animation-output-transform"/><input semantic="INTERPOLATION" source="#swat_Neck1-Interpolations"/></sampler><channel source="#swat_Neck1-Matrix-animation-transform" target="swat_Neck1/matrix"/></animation>
    <animation id="swat_Head-anim" name="swat_Head"><source id="swat_Head-Matrix-animation-input"><float_array id="swat_Head-Matrix-animation-input-array" count="21">

0.000000 0.033333 0.066667 0.100000 0.133333 0.166667 0.200000 0.233333 0.266667 0.300000 0.333333 0.366667 0.400000 0.433333 0.466667 0.500000
0.533333 0.566667 0.600000 0.633333 0.666667</float_array><technique_common><accessor source="#swat_Head-Matrix-animation-input-array" count="21"><param name="TIME" type="float"/></accessor></technique_common></source><source id="swat_Head-Matrix-animation-output-transform"><float_array id="swat_Head-Matrix-animation-output-transform-array" count="336">

0.997981 -0.012906 0.062195 0.000000 0.011573 0.999697 0.021733 4.026600 -0.062456 -0.020969 0.997827 0.858500 0.000000 0.000000 0.000000 1.000000
0.998331 -0.019826 0.054246 0.000000 0.018662 0.999586 0.021882 4.026600 -0.054657 -0.020833 0.998288 0.858500 0.000000 0.000000 0.000000 1.000000
0.998623 -0.026751 0.045119 0.000000 0.026011 0.999519 0.016889 4.026600 -0.045549 -0.015692 0.998839 0.858500 0.000000 0.000000 0.000000 1.000000
0.998864 -0.031057 0.036153 0.000000 0.030774 0.999492 0.008346 4.026600 -0.036394 -0.007224 0.999311 0.858500 0.000000 0.000000 0.000000 1.000000
0.999040 -0.032626 0.029235 -0.000000 0.032664 0.999466 -0.000820 4.026600 -0.029192 0.001774 0.999572 0.858500 0.000000 0.000000 0.000000 1.000000
0.999084 -0.034044 0.025922 -0.000000 0.034245 0.999387 -0.007339 4.026600 -0.025656 0.008220 0.999637 0.858500 0.000000 0.000000 0.000000 1.000000
0.998970 -0.036132 0.027459 -0.000000 0.036380 0.999301 -0.008590 4.026600 -0.027129 0.009580 0.999586 0.858500 0.000000 0.000000 0.000000 1.000000
0.998770 -0.035534 0.034590 -0.000000 0.035690 0.999355 -0.003908 4.026600 -0.034429 0.005138 0.999394 0.858500 0.000000 0.000000 0.000000 1.000000
0.998527 -0.029525 0.045529 0.000000 0.029379 0.999561 0.003878 4.026600 -0.045623 -0.002535 0.998955 0.858500 0.000000 0.000000 0.000000 1.000000
0.998231 -0.021480 0.055441 -0.000000 0.020959 0.999731 0.009957 4.026600 -0.055640 -0.008777 0.998412 0.858500 0.000000 0.000000 0.000000 1.000000
0.997991 -0.017332 0.060936 -0.000000 0.016654 0.999794 0.011626 4.026600 -0.061125 -0.010588 0.998074 0.858500 0.000000 0.000000 0.000000 1.000000
0.997794 -0.017224 0.064119 0.000000 0.016632 0.999814 0.009754 4.026600 -0.064275 -0.008666 0.997895 0.858500 0.000000 0.000000 0.000000 1.000000
0.997469 -0.016018 0.069273 0.000000 0.015547 0.999852 0.007333 4.026600 -0.069380 -0.006237 0.997571 0.858500 0.000000 0.000000 0.000000 1.000000
0.996940 -0.011289 0.077356 0.000000 0.010732 0.999913 0.007607 4.026600 -0.077435 -0.006753 0.996975 0.858500 0.000000 0.000000 0.000000 1.000000
0.996301 -0.005717 0.085739 -0.000000 0.004724 0.999919 0.011780 4.026600 -0.085800 -0.011331 0.996248 0.858500 0.000000 0.000000 0.000000 1.000000
0.995855 -0.002792 0.090915 0.000000 0.001237 0.999852 0.017152 4.026600 -0.090950 -0.016968 0.995711 0.858500 0.000000 0.000000 0.000000 1.000000
0.995871 -0.003192 0.090726 0.000000 0.001442 0.999812 0.019349 4.026600 -0.090771 -0.019139 0.995688 0.858500 0.000000 0.000000 0.000000 1.000000
0.996326 -0.005322 0.085474 0.000000 0.003842 0.999840 0.017467 4.026600 -0.085554 -0.017075 0.996187 0.858500 0.000000 0.000000 0.000000 1.000000
0.996961 -0.007690 0.077522 0.000000 0.006524 0.999862 0.015282 4.026600 -0.077629 -0.014729 0.996874 0.858500 0.000000 0.000000 0.000000 1.000000
0.997541 -0.010039 0.069366 -0.000000 0.008909 0.999823 0.016583 4.026600 -0.069521 -0.015925 0.997453 0.858500 0.000000 0.000000 0.000000 1.000000
0.997981 -0.012906 0.062194 0.000000 0.011574 0.999697 0.021734 4.026600 -0.062456 -0.020970 0.997827 0.858500 0.000000 0.000000 0.000000 1.000000</float_array><technique_common><accessor source="#swat_Head-Matrix-animation-output-transform-array" count="21" stride="16"><param type="float4x4"/></accessor></technique_common></source><source id="swat_Head-Interpolations"><Name_array id="swat_Head-Interpolations-array" count="21">
 LINEAR LINEAR LINEAR LINEAR LINEAR LINEAR LINEAR LINEAR LINEAR LINEAR LINEAR
LINEAR LINEAR LINEAR LINEAR LINEAR LINEAR LINEAR LINEAR LINEAR LINEAR</Name_array><technique_common><accessor source="#swat_Head-Interpolations-array" count="21"><param type="name"/></accessor></technique_common></source><sampler id="swat_Head-Matrix-animation-transform"><input semantic="INPUT" source="#swat_Head-Matrix-animation-input"/><input semantic="OUTPUT" source="#swat_Head-Matrix-animation-output-transform"/><input semantic="INTERPOLATION" source="#swat_Head-Interpolations"/></sampler><channel source="#swat_Head-Matrix-animation-transform" target="swat_Head/matrix"/></animation>
    <animation id="swat_LeftShoulder-anim" name="swat_LeftShoulder"><source id="swat_LeftShoulder-Matrix-animation-input"><float_array id="swat_LeftShoulder-Matrix-animation-input-array" count="21">

0.000000 0.033333 0.066667 0.100000 0.133333 0.166667 0.200000 0.233333 0.266667 0.300000 0.333333 0.366667 0.400000 0.433333 0.466667 0.500000
0.533333 0.566667 0.600000 0.633333 0.666667</float_array><technique_common><accessor source="#swat_LeftShoulder-Matrix-animation-input-array" count="21"><param name="TIME" type="float"/></accessor></technique_common></source><source id="swat_LeftShoulder-Matrix-animation-output-transform"><float_array id="swat_LeftShoulder-Matrix-animation-output-transform-array" count="336">

0.976373 0.212976 0.036553 6.144200 -0.212703 0.977052 -0.011269 10.187000 -0.038114 0.003228 0.999268 -3.793200 0.000000 0.000000 0.000000 1.000000
0.977667 0.190300 0.089174 6.144200 -0.190071 0.981707 -0.011135 10.187000 -0.089662 -0.006064 0.995954 -3.793200 0.000000 0.000000 0.000000 1.000000
0.980386 0.132856 0.145577 6.144200 -0.133523 0.991032 -0.005225 10.187000 -0.144965 -0.014315 0.989333 -3.793200 0.000000 0.000000 0.000000 1.000000
0.980788 0.051298 0.188210 6.144200 -0.053946 0.998504 0.008973 10.187000 -0.187468 -0.018954 0.982088 -3.793200 0.000000 0.000000 0.000000 1.000000
0.978559 -0.028088 0.204045 6.144200 0.023460 0.999411 0.025063 10.187000 -0.204629 -0.019738 0.978641 -3.793200 0.000000 0.000000 0.000000 1.000000
0.977334 -0.078552 0.196589 6.144200 0.073198 0.996725 0.034365 10.187000 -0.198645 -0.019196 0.979884 -3.793200 0.000000 0.000000 0.000000 1.000000
0.980252 -0.084394 0.178843 6.144200 0.079463 0.996238 0.034568 10.187000 -0.181087 -0.019674 0.983270 -3.793200 0.000000 0.000000 0.000000 1.000000
0.987010 -0.036555 0.156443 6.144200 0.032949 0.999130 0.025578 10.187000 -0.157242 -0.020091 0.987356 -3.793200 0.000000 0.000000 0.000000 1.000000
0.990847 0.062780 0.119502 6.144200 -0.064178 0.997907 0.007889 10.187000 -0.118757 -0.015486 0.992803 -3.793200 0.000000 0.000000 0.000000 1.000000
0.981558 0.183465 0.053706 6.144200 -0.183254 0.983026 -0.008866 10.187000 -0.054421 -0.001139 0.998517 -3.793200 0.000000 0.000000 0.000000 1.000000
0.961236 0.273859 -0.032029 6.144200 -0.274348 0.961557 -0.011931 10.187000 0.027531 0.020255 0.999416 -3.793200 0.000000 0.000000 0.000000 1.000000
0.947595 0.302702 -0.102155 6.144200 -0.304937 0.952349 -0.006648 10.187000 0.095275 0.037450 0.994746 -3.793200 0.000000 0.000000 0.000000 1.000000
0.951027 0.280552 -0.129762 6.144200 -0.283642 0.958914 -0.005589 10.187000 0.122863 0.042121 0.991529 -3.793200 0.000000 0.000000 0.000000 1.000000
0.964246 0.238724 -0.115069 6.144200 -0.241247 0.970428 -0.008317 10.187000 0.109681 0.035779 0.993323 -3.793200 0.000000 0.000000 0.000000 1.000000
0.975907 0.204565 -0.075881 6.144200 -0.205863 0.978533 -0.009623 10.187000 0.072284 0.025013 0.997070 -3.793200 0.000000 0.000000 0.000000 1.000000
0.981059 0.190222 -0.036594 6.144200 -0.190679 0.981607 -0.009396 10.187000 0.034134 0.016196 0.999286 -3.793200 0.000000 0.000000 0.000000 1.000000
0.981187 0.192467 -0.015106 6.144200 -0.192622 0.981226 -0.009624 10.187000 0.012971 0.012353 0.999840 -3.793200 0.000000 0.000000 0.000000 1.000000
0.979599 0.200674 -0.010754 6.144200 -0.200783 0.979583 -0.010207 10.187000 0.008486 0.012158 0.999890 -3.793200 0.000000 0.000000 0.000000 1.000000
0.978236 0.207332 -0.008254 6.144200 -0.207412 0.978197 -0.010505 10.187000 0.005896 0.011989 0.999911 -3.793200 0.000000 0.000000 0.000000 1.000000
0.977415 0.211241 0.006068 6.144200 -0.211170 0.977391 -0.010721 10.187000 -0.008196 0.009197 0.999924 -3.793200 0.000000 0.000000 0.000000 1.000000
0.976373 0.212977 0.036553 6.144200 -0.212703 0.977052 -0.011269 10.187000 -0.038115 0.003227 0.999268 -3.793200 0.000000 0.000000 0.000000 1.000000</float_array><technique_common><accessor source="#swat_LeftShoulder-Matrix-animation-output-transform-array" count="21" stride="16"><param type="float4x4"/></accessor></technique_common></source><source id="swat_LeftShoulder-Interpolations"><Name_array id="swat_LeftShoulder-Interpolations-array" count="21">
 LINEAR LINEAR LINEAR LINEAR LINEAR LINEAR LINEAR LINEAR LINEAR LINEAR LINEAR
LINEAR LINEAR LINEAR LINEAR LINEAR LINEAR LINEAR LINEAR LINEAR LINEAR</Name_array><technique_common><accessor source="#swat_LeftShoulder-Interpolations-array" count="21"><param type="name"/></accessor></technique_common></source><sampler id="swat_LeftShoulder-Matrix-animation-transform"><input semantic="INPUT" source="#swat_LeftShoulder-Matrix-animation-input"/><input semantic="OUTPUT" source="#swat_LeftShoulder-Matrix-animation-output-transform"/><input semantic="INTERPOLATION" source="#swat_LeftShoulder-Interpolations"/></sampler><channel source="#swat_LeftShoulder-Matrix-animation-transform" target="swat_LeftShoulder/matrix"/></animation>
    <animation id="swat_LeftArm-anim" name="swat_LeftArm"><source id="swat_LeftArm-Matrix-animation-input"><float_array id="swat_LeftArm-Matrix-animation-input-array" count="21">

0.000000 0.033333 0.066667 0.100000 0.133333 0.166667 0.200000 0.233333 0.266667 0.300000 0.333333 0.366667 0.400000 0.433333 0.466667 0.500000
0.533333 0.566667 0.600000 0.633333 0.666667</float_array><technique_common><accessor source="#swat_LeftArm-Matrix-animation-input-array" count="21"><param name="TIME" type="float"/></accessor></technique_common></source><source id="swat_LeftArm-Matrix-animation-output-transform"><float_array id="swat_LeftArm-Matrix-animation-output-transform-array" count="336">

0.701676 0.705994 -0.096037 12.319100 -0.708168 0.676216 -0.203052 -1.113000 -0.078411 0.210487 0.974447 -1.793500 0.000000 0.000000 0.000000 1.000000
0.666811 0.745101 -0.013679 12.319100 -0.716079 0.635539 -0.288655 -1.113000 -0.206384 0.202273 0.957336 -1.793500 0.000000 0.000000 0.000000 1.000000
0.623256 0.779607 0.061352 12.319100 -0.698650 0.590345 -0.404205 -1.113000 -0.351340 0.209060 0.912609 -1.793500 0.000000 0.000000 0.000000 1.000000
0.567738 0.814126 0.121957 12.319100 -0.662196 0.539664 -0.519864 -1.113000 -0.489050 0.214387 0.845499 -1.793500 0.000000 0.000000 0.000000 1.000000
