<?xml version="1.0" encoding="utf-8"?>
<COLLADA xmlns="http://www.collada.org/2005/11/COLLADASchema" version="1.4.1">
  <asset><contributor><author>Mixamo</author><authoring_tool>COLLADA Mixamo exporter</authoring_tool><comments></comments></contributor><created>2018-06-07T18:15:27Z</created><modified>2018-06-07T18:15:27Z</modified><revision></revision><title></title><unit meter="0.010000"/><up_axis>Y_UP</up_axis></asset>
  <library_animations>
    <animation id="swat_Hips-anim" name="swat_Hips"><source id="swat_Hips-Matrix-animation-input"><float_array id="swat_Hips-Matrix-animation-input-array" count="22">

0.000000 0.033333 0.066667 0.100000 0.133333 0.166667 0.200000 0.233333 0.266667 0.300000 0.333333 0.366667 0.400000 0.433333 0.466667 0.500000
0.533333 0.566667 0.600000 0.633333 0.666667 0.700000</float_array><technique_common><accessor source="#swat_Hips-Matrix-animation-input-array" count="22"><param name="TIME" type="float"/></accessor></technique_common></source><source id="swat_Hips-Matrix-animation-output-transform"><float_array id="swat_Hips-Matrix-animation-output-transform-array" count="352">

0.984871 0.156031 -0.075390 0.022277 -0.166457 0.972777 -0.161236 86.860382 0.048180 0.171346 0.984032 -0.059168 0.000000 0.000000 0.000000 1.000000
0.987423 0.113422 -0.110140 0.133673 -0.134060 0.969957 -0.203008 88.686516 0.083805 0.215220 0.972963 0.134930 0.000000 0.000000 0.000000 1.000000
0.989369 0.052730 -0.135533 0.440314 -0.083890 0.968197 -0.235703 90.709007 0.118794 0.244567 0.962328 0.276150 0.000000 0.000000 0.000000 1.000000
0.992123 -0.004973 -0.125170 0.861035 -0.029395 0.962069 -0.271218 92.306877 0.121771 0.272761 0.954344 0.389718 0.000000 0.000000 0.000000 1.000000
0.996283 -0.030385 -0.080609 1.082281 0.005066 0.954775 -0.297285 93.480400 0.085996 0.295772 0.951380 0.447699 0.000000 0.000000 0.000000 1.000000
0.999462 -0.014048 -0.029651 0.889413 0.004838 0.956919 -0.290315 94.004822 0.032452 0.290015 0.956472 0.366835 0.000000 0.000000 0.000000 1.000000
0.999741 0.018533 0.013195 0.547957 -0.014710 0.969019 -0.246549 93.009026 -0.017356 0.246291 0.969040 0.141012 0.000000 0.000000 0.000000 1.000000
0.997790 0.029174 0.059702 0.547863 -0.017082 0.980884 -0.193841 90.675957 -0.064216 0.192393 0.979215 -0.077951 0.000000 0.000000 0.000000 1.000000
0.992928 0.003727 0.118659 1.055382 0.015770 0.986510 -0.162942 88.305664 -0.117666 0.163661 0.979474 -0.174897 0.000000 0.000000 0.000000 1.000000
0.984790 -0.035224 0.170142 1.799642 0.062784 0.985211 -0.159428 86.290306 -0.162010 0.167686 0.972437 -0.167672 0.000000 0.000000 0.000000 1.000000
0.981376 -0.052268 0.184851 2.431032 0.085002 0.981094 -0.173864 85.758026 -0.172269 0.186338 0.967265 -0.094708 0.000000 0.000000 0.000000 1.000000
0.986588 -0.031051 0.160250 2.736797 0.061691 0.979856 -0.189940 86.633423 -0.151123 0.197279 0.968629 -0.023091 0.000000 0.000000 0.000000 1.000000
0.993061 0.020539 0.115794 2.631078 0.002771 0.980272 -0.197634 89.490349 -0.117569 0.196583 0.973413 0.030240 0.000000 0.000000 0.000000 1.000000
0.994945 0.077735 0.063576 2.232558 -0.063081 0.976382 -0.206637 92.569237 -0.078137 0.201582 0.976350 0.089770 0.000000 0.000000 0.000000 1.000000
0.993575 0.112992 0.006391 1.838575 -0.108810 0.969278 -0.220590 94.309235 -0.031120 0.218477 0.975346 0.145596 0.000000 0.000000 0.000000 1.000000
0.992466 0.115239 -0.041604 1.692857 -0.121600 0.968011 -0.219474 94.100609 0.014981 0.222879 0.974731 0.120713 0.000000 0.000000 0.000000 1.000000
0.993158 0.098592 -0.062584 1.679105 -0.108674 0.976465 -0.186296 92.453743 0.042744 0.191822 0.980498 -0.034337 0.000000 0.000000 0.000000 1.000000
0.993745 0.092008 -0.063286 1.380631 -0.099945 0.985586 -0.136499 90.337906 0.049815 0.141971 0.988617 -0.237504 0.000000 0.000000 0.000000 1.000000
0.991245 0.112949 -0.068375 0.629728 -0.119769 0.987169 -0.105609 88.191315 0.055569 0.112873 0.992054 -0.350531 0.000000 0.000000 0.000000 1.000000
0.985632 0.146968 -0.083244 -0.143910 -0.155453 0.982057 -0.106768 86.570694 0.066059 0.118174 0.990793 -0.332114 0.000000 0.000000 0.000000 1.000000
0.982218 0.165285 -0.089048 -0.413217 -0.175884 0.975993 -0.128463 86.051567 0.065677 0.141841 0.987708 -0.218416 0.000000 0.000000 0.000000 1.000000
0.984871 0.156031 -0.075390 0.022277 -0.166457 0.972777 -0.161236 86.860382 0.048180 0.171346 0.984032 -0.059167 0.000000 0.000000 0.000000 1.000000</float_array><technique_common><accessor source="#swat_Hips-Matrix-animation-output-transform-array" count="22" stride="16"><param type="float4x4"/></accessor></technique_common></source><source id="swat_Hips-Interpolations"><Name_array id="swat_Hips-Interpolations-array" count="22">
 LINEAR LINEAR LINEAR LINEAR LINEAR LINEAR LINEAR LINEAR LINEAR LINEAR LINEAR
LINEAR LINEAR LINEAR LINEAR LINEAR LINEAR LINEAR LINEAR LINEAR LINEAR LINEAR</Name_array><technique_common><accessor source="#swat_Hips-Interpolations-array" count="22"><param type="name"/></accessor></technique_common></source><sampler id="swat_Hips-Matrix-animation-transform"><input semantic="INPUT" source="#swat_Hips-Matrix-animation-input"/><input semantic="OUTPUT" source="#swat_Hips-Matrix-animation-output-transform"/><input semantic="INTERPOLATION" source="#swat_Hips-Interpolations"/></sampler><channel source="#swat_Hips-Matrix-animation-transform" target="swat_Hips/matrix"/></animation>
    <animation id="swat_Spine-anim" name="swat_Spine"><source id="swat_Spine-Matrix-animation-input"><float_array id="swat_Spine-Matrix-animation-input-array" count="22">

0.000000 0.033333 0.066667 0.100000 0.133333 0.166667 0.200000 0.233333 0.266667 0.300000 0.333333 0.366667 0.400000 0.433333 0.466667 0.500000
0.533333 0.566667 0.600000 0.633333 0.666667 0.700000</float_array><technique_common><accessor source="#swat_Spine-Matrix-animation-input-array" count="22"><param name="TIME" type="float"/></accessor></technique_common></source><source id="swat_Spine-Matrix-animation-output-transform"><float_array id="swat_Spine-Matrix-animation-output-transform-array" count="352">

0.992840 -0.102639 0.061101 0.000000 0.105034 0.993767 -0.037347 9.226300 -0.056887 0.043498 0.997433 1.577100 0.000000 0.000000 0.000000 1.000000
0.994243 -0.076087 0.075441 0.000000 0.077340 0.996909 -0.013819 9.226300 -0.074156 0.019574 0.997054 1.577100 0.000000 0.000000 0.000000 1.000000
0.994360 -0.039873 0.098282 -0.000000 0.040113 0.999195 -0.000472 9.226300 -0.098184 0.004411 0.995159 1.577100 0.000000 0.000000 0.000000 1.000000
0.992780 -0.008395 0.119657 -0.000000 0.007538 0.999943 0.007618 9.226300 -0.119714 -0.006661 0.992786 1.577100 0.000000 0.000000 0.000000 1.000000
0.991272 0.003044 0.131794 0.000000 -0.004627 0.999921 0.011710 9.226300 -0.131748 -0.012218 0.991208 1.577100 0.000000 0.000000 0.000000 1.000000
0.991322 -0.006073 0.131315 -0.000000 0.005446 0.999972 0.005138 9.226300 -0.131343 -0.004379 0.991327 1.577100 0.000000 0.000000 0.000000 1.000000
0.992902 -0.022217 0.116843 0.000000 0.024128 0.999597 -0.014965 9.226300 -0.116464 0.017678 0.993038 1.577100 0.000000 0.000000 0.000000 1.000000
0.995393 -0.030394 0.090937 0.000000 0.033942 0.998711 -0.037729 9.226300 -0.089673 0.040642 0.995142 1.577100 0.000000 0.000000 0.000000 1.000000
0.997573 -0.026185 0.064517 0.000000 0.029255 0.998461 -0.047115 9.226300 -0.063184 0.048888 0.996804 1.577100 0.000000 0.000000 0.000000 1.000000
0.998486 -0.016202 0.052563 0.000000 0.018235 0.999095 -0.038438 9.226300 -0.051893 0.039338 0.997878 1.577100 0.000000 0.000000 0.000000 1.000000
0.998333 -0.014406 0.055891 0.000000 0.015461 0.999710 -0.018483 9.226300 -0.055608 0.019317 0.998266 1.577100 0.000000 0.000000 0.000000 1.000000
0.997749 -0.033108 0.058317 0.000000 0.033280 0.999444 -0.001983 9.226300 -0.058219 0.003920 0.998296 1.577100 0.000000 0.000000 0.000000 1.000000
0.996389 -0.068675 0.049926 0.000000 0.068757 0.997633 0.000082 9.226300 -0.049814 0.003351 0.998753 1.577100 0.000000 0.000000 0.000000 1.000000
0.994143 -0.101371 0.037475 -0.000000 0.101714 0.994786 -0.007362 9.226300 -0.036533 0.011130 0.999270 1.577100 0.000000 0.000000 0.000000 1.000000
0.992839 -0.115705 0.029700 0.000000 0.116206 0.993101 -0.015730 9.226300 -0.027675 0.019068 0.999435 1.577100 0.000000 0.000000 0.000000 1.000000
0.993141 -0.113510 0.028055 0.000000 0.114294 0.993048 -0.028139 9.226300 -0.024666 0.031153 0.999210 1.577100 0.000000 0.000000 0.000000 1.000000
0.993974 -0.104781 0.032211 0.000000 0.106329 0.993030 -0.050850 9.226300 -0.026659 0.053968 0.998187 1.577100 0.000000 0.000000 0.000000 1.000000
0.994348 -0.096474 0.044324 -0.000000 0.099664 0.992075 -0.076518 9.226300 -0.036590 0.080503 0.996083 1.577100 0.000000 0.000000 0.000000 1.000000
0.993858 -0.091321 0.062500 0.000000 0.096657 0.991376 -0.088490 9.226300 -0.053880 0.093988 0.994114 1.577100 0.000000 0.000000 0.000000 1.000000
0.992948 -0.092040 0.074723 0.000000 0.098047 0.991867 -0.081154 9.226300 -0.066646 0.087908 0.993897 1.577100 0.000000 0.000000 0.000000 1.000000
0.992550 -0.098309 0.071967 0.000000 0.102807 0.992785 -0.061709 9.226300 -0.065382 0.068648 0.995496 1.577100 0.000000 0.000000 0.000000 1.000000
0.992840 -0.102639 0.061101 0.000000 0.105034 0.993767 -0.037347 9.226300 -0.056887 0.043498 0.997433 1.577100 0.000000 0.000000 0.000000 1.000000</float_array><technique_common><accessor source="#swat_Spine-Matrix-animation-output-transform-array" count="22" stride="16"><param type="float4x4"/></accessor></technique_common></source><source id="swat_Spine-Interpolations"><Name_array id="swat_Spine-Interpolations-array" count="22">
 LINEAR LINEAR LINEAR LINEAR LINEAR LINEAR LINEAR LINEAR LINEAR LINEAR LINEAR
LINEAR LINEAR LINEAR LINEAR LINEAR LINEAR LINEAR LINEAR LINEAR LINEAR LINEAR</Name_array><technique_common><accessor source="#swat_Spine-Interpolations-array" count="22"><param type="name"/></accessor></technique_common></source><sampler id="swat_Spine-Matrix-animation-transform"><input semantic="INPUT" source="#swat_Spine-Matrix-animation-input"/><input semantic="OUTPUT" source="#swat_Spine-Matrix-animation-output-transform"/><input semantic="INTERPOLATION" source="#swat_Spine-Interpolations"/></sampler><channel source="#swat_Spine-Matrix-animation-transform" target="swat_Spine/matrix"/></animation>
    <animation id="swat_Spine1-anim" name="swat_Spine1"><source id="swat_Spine1-Matrix-animation-input"><float_array id="swat_Spine1-Matrix-animation-input-array" count="22">

0.000000 0.033333 0.066667 0.100000 0.133333 0.166667 0.200000 0.233333 0.266667 0.300000 0.333333 0.366667 0.400000 0.433333 0.466667 0.500000
0.533333 0.566667 0.600000 0.633333 0.666667 0.700000</float_array><technique_common><accessor source="#swat_Spine1-Matrix-animation-input-array" count="22"><param name="TIME" type="float"/></accessor></technique_common></source><source id="swat_Spine1-Matrix-animation-output-transform"><float_array id="swat_Spine1-Matrix-animation-output-transform-array" count="352">

0.999644 -0.024710 -0.010071 -0.000000 0.023015 0.989425 -0.143207 16.254000 0.013503 0.142924 0.989642 -0.165600 0.000000 0.000000 0.000000 1.000000
0.999589 0.010974 0.026487 -0.000000 -0.007919 0.993584 -0.112819 16.254000 -0.027555 0.112563 0.993262 -0.165600 0.000000 0.000000 0.000000 1.000000
0.995751 0.054043 0.074561 -0.000000 -0.047314 0.994886 -0.089242 16.254000 -0.079002 0.085335 0.993215 -0.165600 0.000000 0.000000 0.000000 1.000000
0.988886 0.093451 0.115639 -0.000000 -0.085842 0.993908 -0.069131 16.254000 -0.121395 0.058436 0.990883 -0.165600 0.000000 0.000000 0.000000 1.000000
0.983787 0.115519 0.137179 0.000000 -0.108742 0.992495 -0.055934 16.254000 -0.142611 0.040110 0.988966 -0.165600 0.000000 0.000000 0.000000 1.000000
0.983887 0.112166 0.139230 0.000000 -0.104846 0.992745 -0.058864 16.254000 -0.144822 0.043318 0.988509 -0.165600 0.000000 0.000000 0.000000 1.000000
0.987819 0.091541 0.125835 -0.000000 -0.081823 0.993403 -0.080352 16.254000 -0.132360 0.069077 0.988792 -0.165600 0.000000 0.000000 0.000000 1.000000
0.992353 0.076160 0.097139 -0.000000 -0.065495 0.991924 -0.108613 16.254000 -0.104626 0.101420 0.989327 -0.165600 0.000000 0.000000 0.000000 1.000000
0.995101 0.080007 0.058078 0.000000 -0.072068 0.989172 -0.127850 16.254000 -0.067678 0.123038 0.990092 -0.165600 0.000000 0.000000 0.000000 1.000000
0.995296 0.093589 0.025042 0.000000 -0.089481 0.987111 -0.132686 16.254000 -0.037137 0.129821 0.990842 -0.165600 0.000000 0.000000 0.000000 1.000000
0.995476 0.094747 0.007059 0.000000 -0.093120 0.987723 -0.125428 16.254000 -0.018856 0.124203 0.992078 -0.165600 0.000000 0.000000 0.000000 1.000000
0.997512 0.070000 -0.008354 0.000000 -0.070496 0.990823 -0.115330 16.254000 0.000205 0.115632 0.993292 -0.165600 0.000000 0.000000 0.000000 1.000000
0.999084 0.024785 -0.034876 0.000000 -0.028599 0.993128 -0.113482 16.254000 0.031823 0.114376 0.992928 -0.165600 0.000000 0.000000 0.000000 1.000000
0.997538 -0.021651 -0.066698 0.000000 0.013723 0.993025 -0.117102 16.254000 0.068768 0.115899 0.990878 -0.165600 0.000000 0.000000 0.000000 1.000000
0.994606 -0.051962 -0.089773 0.000000 0.041146 0.992115 -0.118386 16.254000 0.095217 0.114054 0.988901 -0.165600 0.000000 0.000000 0.000000 1.000000
0.993301 -0.058243 -0.099808 0.000000 0.045749 0.991328 -0.123187 16.254000 0.106117 0.117796 0.987352 -0.165600 0.000000 0.000000 0.000000 1.000000
0.994054 -0.044261 -0.099484 0.000000 0.029900 0.989491 -0.141469 16.254000 0.104700 0.137653 0.984931 -0.165600 0.000000 0.000000 0.000000 1.000000
0.995859 -0.027937 -0.086511 0.000000 0.013129 0.985832 -0.167219 16.254000 0.089957 0.165391 0.982117 -0.165600 0.000000 0.000000 0.000000 1.000000
0.997960 -0.025384 -0.058587 -0.000000 0.014268 0.983031 -0.182883 16.254000 0.062235 0.181674 0.981387 -0.165600 0.000000 0.000000 0.000000 1.000000
0.999065 -0.032167 -0.028886 0.000000 0.026407 0.983055 -0.181401 16.254000 0.034232 0.180468 0.982985 -0.165600 0.000000 0.000000 0.000000 1.000000
0.999333 -0.033960 -0.013435 0.000000 0.031227 0.985320 -0.167839 16.254000 0.018938 0.167307 0.985723 -0.165600 0.000000 0.000000 0.000000 1.000000
0.999644 -0.024710 -0.010071 0.000000 0.023015 0.989425 -0.143207 16.254000 0.013503 0.142924 0.989642 -0.165600 0.000000 0.000000 0.000000 1.000000</float_array><technique_common><accessor source="#swat_Spine1-Matrix-animation-output-transform-array" count="22" stride="16"><param type="float4x4"/></accessor></technique_common></source><source id="swat_Spine1-Interpolations"><Name_array id="swat_Spine1-Interpolations-array" count="22">
 LINEAR LINEAR LINEAR LINEAR LINEAR LINEAR LINEAR LINEAR LINEAR LINEAR LINEAR
LINEAR LINEAR LINEAR LINEAR LINEAR LINEAR LINEAR LINEAR LINEAR LINEAR LINEAR</Name_array><technique_common><accessor source="#swat_Spine1-Interpolations-array" count="22"><param type="name"/></accessor></technique_common></source><sampler id="swat_Spine1-Matrix-animation-transform"><input semantic="INPUT" source="#swat_Spine1-Matrix-animation-input"/><input semantic="OUTPUT" source="#swat_Spine1-Matrix-animation-output-transform"/><input semantic="INTERPOLATION" source="#swat_Spine1-Interpolations"/></sampler><channel source="#swat_Spine1-Matrix-animation-transform" target="swat_Spine1/matrix"/></animation>
    <animation id="swat_Spine2-anim" name="swat_Spine2"><source id="swat_Spine2-Matrix-animation-input"><float_array id="swat_Spine2-Matrix-animation-input-array" count="22">

0.000000 0.033333 0.066667 0.100000 0.133333 0.166667 0.200000 0.233333 0.266667 0.300000 0.333333 0.366667 0.400000 0.433333 0.466667 0.500000
0.533333 0.566667 0.600000 0.633333 0.666667 0.700000</float_array><technique_common><accessor source="#swat_Spine2-Matrix-animation-input-array" count="22"><param name="TIME" type="float"/></accessor></technique_common></source><source id="swat_Spine2-Matrix-animation-output-transform"><float_array id="swat_Spine2-Matrix-animation-output-transform-array" count="352">

0.994735 -0.101675 -0.012828 0.000000 0.100097 0.990797 -0.091114 13.639600 0.021973 0.089350 0.995758 -1.292300 0.000000 0.000000 0.000000 1.000000
0.997275 -0.069491 0.024788 0.000000 0.070844 0.995758 -0.058704 13.639600 -0.020604 0.060301 0.997968 -1.292300 0.000000 0.000000 0.000000 1.000000
0.996797 -0.029888 0.074183 0.000000 0.032445 0.998912 -0.033501 13.639600 -0.073101 0.035800 0.996682 -1.292300 0.000000 0.000000 0.000000 1.000000
0.993142 0.007361 0.116684 0.000000 -0.005945 0.999904 -0.012484 13.639600 -0.116765 0.011705 0.993091 -1.292300 0.000000 0.000000 0.000000 1.000000
0.989823 0.028641 0.139392 0.000000 -0.029052 0.999577 0.000911 13.639600 -0.139307 -0.004952 0.990237 -1.292300 0.000000 0.000000 0.000000 1.000000
0.989568 0.024900 0.141898 -0.000000 -0.024901 0.999688 -0.001773 13.639600 -0.141898 -0.001779 0.989880 -1.292300 0.000000 0.000000 0.000000 1.000000
0.991696 0.003967 0.128540 -0.000000 -0.001040 0.999739 -0.022830 13.639600 -0.128597 0.022506 0.991442 -1.292300 0.000000 0.000000 0.000000 1.000000
0.994898 -0.010423 0.100348 0.000000 0.015659 0.998548 -0.051535 13.639600 -0.099666 0.052843 0.993617 -1.292300 0.000000 0.000000 0.000000 1.000000
0.998044 -0.003646 0.062410 0.000000 0.008145 0.997373 -0.071981 13.639600 -0.061983 0.072349 0.995452 -1.292300 0.000000 0.000000 0.000000 1.000000
0.999466 0.012887 0.030043 0.000000 -0.010517 0.996915 -0.077777 13.639600 -0.030953 0.077419 0.996518 -1.292300 0.000000 0.000000 0.000000 1.000000
0.999816 0.015689 0.011071 0.000000 -0.014864 0.997363 -0.071032 13.639600 -0.012156 0.070855 0.997413 -1.292300 0.000000 0.000000 0.000000 1.000000
0.999950 -0.007798 -0.006306 0.000000 0.007394 0.998069 -0.061681 13.639600 0.006775 0.061631 0.998076 -1.292300 0.000000 0.000000 0.000000 1.000000
0.998090 -0.051048 -0.034781 0.000000 0.048838 0.996900 -0.061688 13.639600 0.037822 0.059872 0.997489 -1.292300 0.000000 0.000000 0.000000 1.000000
0.993106 -0.094888 -0.068825 -0.000000 0.090232 0.993605 -0.067878 13.639600 0.074825 0.061200 0.995317 -1.292300 0.000000 0.000000 0.000000 1.000000
0.987943 -0.123063 -0.093932 0.000000 0.116629 0.990622 -0.071178 13.639600 0.101811 0.059365 0.993031 -1.292300 0.000000 0.000000 0.000000 1.000000
0.986237 -0.127973 -0.104684 0.000000 0.120296 0.989774 -0.076654 13.639600 0.113423 0.063006 0.991547 -1.292300 0.000000 0.000000 0.000000 1.000000
0.988199 -0.112883 -0.103536 -0.000000 0.103243 0.990188 -0.094178 13.639600 0.113151 0.082377 0.990157 -1.292300 0.000000 0.000000 0.000000 1.000000
0.991336 -0.096437 -0.089181 0.000000 0.085562 0.989245 -0.118631 13.639600 0.099663 0.109973 0.988925 -1.292300 0.000000 0.000000 0.000000 1.000000
0.993507 -0.096161 -0.060801 0.000000 0.087411 0.987244 -0.133077 13.639600 0.072823 0.126898 0.989239 -1.292300 0.000000 0.000000 0.000000 1.000000
0.993832 -0.106269 -0.031688 -0.000000 0.101299 0.986262 -0.130486 13.639600 0.045119 0.126471 0.990944 -1.292300 0.000000 0.000000 0.000000 1.000000
0.993786 -0.110073 -0.016532 -0.000000 0.107433 0.987400 -0.116184 13.639600 0.029112 0.113686 0.993090 -1.292300 0.000000 0.000000 0.000000 1.000000
0.994735 -0.101675 -0.012828 -0.000000 0.100097 0.990797 -0.091114 13.639600 0.021973 0.089350 0.995758 -1.292300 0.000000 0.000000 0.000000 1.000000</float_array><technique_common><accessor source="#swat_Spine2-Matrix-animation-output-transform-array" count="22" stride="16"><param type="float4x4"/></accessor></technique_common></source><source id="swat_Spine2-Interpolations"><Name_array id="swat_Spine2-Interpolations-array" count="22">
 LINEAR LINEAR LINEAR LINEAR LINEAR LINEAR LINEAR LINEAR LINEAR LINEAR LINEAR
LINEAR LINEAR LINEAR LINEAR LINEAR LINEAR LINEAR LINEAR LINEAR LINEAR LINEAR</Name_array><technique_common><accessor source="#swat_Spine2-Interpolations-array" count="22"><param type="name"/></accessor></technique_common></source><sampler id="swat_Spine2-Matrix-animation-transform"><input semantic="INPUT" source="#swat_Spine2-Matrix-animation-input"/><input semantic="OUTPUT" source="#swat_Spine2-Matrix-animation-output-transform"/><input semantic="INTERPOLATION" source="#swat_Spine2-Interpolations"/></sampler><channel source="#swat_Spine2-Matrix-animation-transform" target="swat_Spine2/matrix"/></animation>
    <animation id="swat_Neck-anim" name="swat_Neck"><source id="swat_Neck-Matrix-animation-input"><float_array id="swat_Neck-Matrix-animation-input-array" count="22">

0.000000 0.033333 0.066667 0.100000 0.133333 0.166667 0.200000 0.233333 0.266667 0.300000 0.333333 0.366667 0.400000 0.433333 0.466667 0.500000
0.533333 0.566667 0.600000 0.633333 0.666667 0.700000</float_array><technique_common><accessor source="#swat_Neck-Matrix-animation-input-array" count="22"><param name="TIME" type="float"/></accessor></technique_common></source><source id="swat_Neck-Matrix-animation-output-transform"><float_array id="swat_Neck-Matrix-animation-output-transform-array" count="352">

0.999761 0.020863 0.006512 -0.000000 -0.021206 0.998090 0.058020 13.877400 -0.005289 -0.058144 0.998294 -4.354200 0.000000 0.000000 0.000000 1.000000
0.999855 0.016999 -0.000658 0.000000 -0.016970 0.999362 0.031423 13.877400 0.001192 -0.031407 0.999506 -4.354200 0.000000 0.000000 0.000000 1.000000
0.999880 0.011398 -0.010447 0.000000 -0.011274 0.999867 0.011779 13.877400 0.010579 -0.011660 0.999876 -4.354200 0.000000 0.000000 0.000000 1.000000
0.999753 0.007022 -0.021064 0.000000 -0.006873 0.999951 0.007133 13.877400 0.021113 -0.006986 0.999753 -4.354200 0.000000 0.000000 0.000000 1.000000
0.999555 0.007582 -0.028865 0.000000 -0.007567 0.999971 0.000623 13.877400 0.028868 -0.000404 0.999583 -4.354200 0.000000 0.000000 0.000000 1.000000
0.999412 0.011607 -0.032268 -0.000000 -0.012296 0.999699 -0.021228 13.877400 0.032012 0.021612 0.999254 -4.354200 0.000000 0.000000 0.000000 1.000000
0.999426 0.010319 -0.032279 0.000000 -0.011814 0.998849 -0.046478 13.877400 0.031762 0.046833 0.998398 -4.354200 0.000000 0.000000 0.000000 1.000000
0.999587 0.001174 -0.028712 0.000000 -0.001341 0.999982 -0.005802 13.877400 0.028705 0.005838 0.999571 -4.354200 0.000000 0.000000 0.000000 1.000000
0.999653 -0.005309 -0.025817 -0.000000 0.005856 0.999759 0.021160 13.877400 0.025699 -0.021304 0.999443 -4.354200 0.000000 0.000000 0.000000 1.000000
0.999695 -0.007226 -0.023611 0.000000 0.007879 0.999585 0.027697 13.877400 0.023401 -0.027874 0.999337 -4.354200 0.000000 0.000000 0.000000 1.000000
0.999782 -0.003307 -0.020600 -0.000000 0.003460 0.999967 0.007413 13.877400 0.020575 -0.007483 0.999760 -4.354200 0.000000 0.000000 0.000000 1.000000
0.999835 0.011167 -0.014346 0.000000 -0.011284 0.999903 -0.008131 13.877400 0.014254 0.008291 0.999864 -4.354200 0.000000 0.000000 0.000000 1.000000
0.999296 0.037417 -0.002603 -0.000000 -0.037460 0.999123 -0.018682 13.877400 0.001902 0.018767 0.999822 -4.354200 0.000000 0.000000 0.000000 1.000000
0.997392 0.070821 0.013888 0.000000 -0.070812 0.997489 -0.001138 13.877400 -0.013934 0.000151 0.999903 -4.354200 0.000000 0.000000 0.000000 1.000000
0.995317 0.091956 0.029800 0.000000 -0.093139 0.994804 0.041107 13.877400 -0.025865 -0.043690 0.998710 -4.354200 0.000000 0.000000 0.000000 1.000000
0.995580 0.086924 0.035566 -0.000000 -0.089332 0.993329 0.072915 13.877400 -0.028990 -0.075770 0.996704 -4.354200 0.000000 0.000000 0.000000 1.000000
0.996899 0.071280 0.033352 0.000000 -0.073861 0.993732 0.083907 13.877400 -0.027162 -0.086110 0.995915 -4.354200 0.000000 0.000000 0.000000 1.000000
0.998190 0.054322 0.025812 0.000000 -0.056370 0.994642 0.086663 13.877400 -0.020966 -0.087961 0.995903 -4.354200 0.000000 0.000000 0.000000 1.000000
0.999045 0.039881 0.017855 -0.000000 -0.041316 0.995183 0.088908 13.877400 -0.014223 -0.089561 0.995880 -4.354200 0.000000 0.000000 0.000000 1.000000
0.999429 0.030696 0.014090 0.000000 -0.031839 0.995458 0.089716 13.877400 -0.011272 -0.090113 0.995868 -4.354200 0.000000 0.000000 0.000000 1.000000
0.999626 0.025617 0.009530 0.000000 -0.026300 0.996420 0.080347 13.877400 -0.007438 -0.080567 0.996721 -4.354200 0.000000 0.000000 0.000000 1.000000
0.999761 0.020863 0.006512 0.000000 -0.021206 0.998090 0.058020 13.877400 -0.005289 -0.058144 0.998294 -4.354200 0.000000 0.000000 0.000000 1.000000</float_array><technique_common><accessor source="#swat_Neck-Matrix-animation-output-transform-array" count="22" stride="16"><param type="float4x4"/></accessor></technique_common></source><source id="swat_Neck-Interpolations"><Name_array id="swat_Neck-Interpolations-array" count="22">
 LINEAR LINEAR LINEAR LINEAR LINEAR LINEAR LINEAR LINEAR LINEAR LINEAR LINEAR
LINEAR LINEAR LINEAR LINEAR LINEAR LINEAR LINEAR LINEAR LINEAR LINEAR LINEAR</Name_array><technique_common><accessor source="#swat_Neck-Interpolations-array" count="22"><param type="name"/></accessor></technique_common></source><sampler id="swat_Neck-Matrix-animation-transform"><input semantic="INPUT" source="#swat_Neck-Matrix-animation-input"/><input semantic="OUTPUT" source="#swat_Neck-Matrix-animation-output-transform"/><input semantic="INTERPOLATION" source="#swat_Neck-Interpolations"/></sampler><channel source="#swat_Neck-Matrix-animation-transform" target="swat_Neck/matrix"/></animation>
    <animation id="swat_Neck1-anim" name="swat_Neck1"><source id="swat_Neck1-Matrix-animation-input"><float_array id="swat_Neck1-Matrix-animation-input-array" count="22">

0.000000 0.033333 0.066667 0.100000 0.133333 0.166667 0.200000 0.233333 0.266667 0.300000 0.333333 0.366667 0.400000 0.433333 0.466667 0.500000
0.533333 0.566667 0.600000 0.633333 0.666667 0.700000</float_array><technique_common><accessor source="#swat_Neck1-Matrix-animation-input-array" count="22"><param name="TIME" type="float"/></accessor></technique_common></source><source id="swat_Neck1-Matrix-animation-output-transform"><float_array id="swat_Neck1-Matrix-animation-output-transform-array" count="352">

0.999761 0.020864 0.006512 0.000000 -0.021207 0.998090 0.058020 4.340000 -0.005289 -0.058144 0.998294 0.926900 0.000000 0.000000 0.000000 1.000000
0.999855 0.016999 -0.000658 0.000000 -0.016970 0.999362 0.031422 4.340000 0.001192 -0.031406 0.999506 0.926900 0.000000 0.000000 0.000000 1.000000
0.999880 0.011398 -0.010447 0.000000 -0.011274 0.999867 0.011779 4.340000 0.010580 -0.011660 0.999876 0.926900 0.000000 0.000000 0.000000 1.000000
0.999753 0.007022 -0.021064 0.000000 -0.006873 0.999951 0.007133 4.340000 0.021113 -0.006986 0.999753 0.926900 0.000000 0.000000 0.000000 1.000000
0.999555 0.007581 -0.028865 0.000000 -0.007567 0.999971 0.000623 4.340000 0.028868 -0.000404 0.999583 0.926900 0.000000 0.000000 0.000000 1.000000
0.999412 0.011607 -0.032268 0.000000 -0.012296 0.999699 -0.021230 4.340000 0.032012 0.021614 0.999254 0.926900 0.000000 0.000000 0.000000 1.000000
0.999426 0.010319 -0.032279 0.000000 -0.011814 0.998849 -0.046482 4.340000 0.031762 0.046837 0.998397 0.926900 0.000000 0.000000 0.000000 1.000000
0.999587 0.001174 -0.028712 -0.000000 -0.001341 0.999982 -0.005802 4.340000 0.028705 0.005838 0.999571 0.926900 0.000000 0.000000 0.000000 1.000000
0.999653 -0.005309 -0.025817 -0.000000 0.005856 0.999759 0.021160 4.340000 0.025699 -0.021304 0.999443 0.926900 0.000000 0.000000 0.000000 1.000000
0.999695 -0.007225 -0.023611 -0.000000 0.007879 0.999585 0.027697 4.340000 0.023401 -0.027875 0.999337 0.926900 0.000000 0.000000 0.000000 1.000000
0.999782 -0.003307 -0.020600 0.000000 0.003461 0.999967 0.007412 4.340000 0.020575 -0.007481 0.999760 0.926900 0.000000 0.000000 0.000000 1.000000
0.999835 0.011167 -0.014346 -0.000000 -0.011284 0.999903 -0.008131 4.340000 0.014254 0.008291 0.999864 0.926900 0.000000 0.000000 0.000000 1.000000
0.999296 0.037417 -0.002603 0.000000 -0.037460 0.999123 -0.018682 4.340000 0.001902 0.018767 0.999822 0.926900 0.000000 0.000000 0.000000 1.000000
0.997392 0.070821 0.013888 -0.000000 -0.070812 0.997489 -0.001137 4.340000 -0.013934 0.000150 0.999903 0.926900 0.000000 0.000000 0.000000 1.000000
0.995317 0.091956 0.029800 0.000000 -0.093139 0.994804 0.041106 4.340000 -0.025865 -0.043689 0.998710 0.926900 0.000000 0.000000 0.000000 1.000000
0.995580 0.086924 0.035566 -0.000000 -0.089332 0.993329 0.072914 4.340000 -0.028991 -0.075769 0.996704 0.926900 0.000000 0.000000 0.000000 1.000000
0.996899 0.071280 0.033352 -0.000000 -0.073861 0.993732 0.083907 4.340000 -0.027162 -0.086110 0.995915 0.926900 0.000000 0.000000 0.000000 1.000000
0.998190 0.054322 0.025812 0.000000 -0.056370 0.994642 0.086662 4.340000 -0.020966 -0.087960 0.995903 0.926900 0.000000 0.000000 0.000000 1.000000
0.999045 0.039882 0.017855 -0.000000 -0.041316 0.995183 0.088906 4.340000 -0.014223 -0.089559 0.995880 0.926900 0.000000 0.000000 0.000000 1.000000
0.999429 0.030696 0.014090 0.000000 -0.031839 0.995458 0.089716 4.340000 -0.011272 -0.090113 0.995868 0.926900 0.000000 0.000000 0.000000 1.000000
0.999626 0.025617 0.009530 0.000000 -0.026301 0.996420 0.080347 4.340000 -0.007438 -0.080568 0.996721 0.926900 0.000000 0.000000 0.000000 1.000000
0.999761 0.020863 0.006512 -0.000000 -0.021206 0.998090 0.058019 4.340000 -0.005289 -0.058143 0.998294 0.926900 0.000000 0.000000 0.000000 1.000000</float_array><technique_common><accessor source="#swat_Neck1-Matrix-animation-output-transform-array" count="22" stride="16"><param type="float4x4"/></accessor></technique_common></source><source id="swat_Neck1-Interpolations"><Name_array id="swat_Neck1-Interpolations-array" count="22">
 LINEAR LINEAR LINEAR LINEAR LINEAR LINEAR LINEAR LINEAR LINEAR LINEAR LINEAR
LINEAR LINEAR LINEAR LINEAR LINEAR LINEAR LINEAR LINEAR LINEAR LINEAR LINEAR</Name_array><technique_common><accessor source="#swat_Neck1-Interpolations-array" count="22"><param type="name"/></accessor></technique_common></source><sampler id="swat_Neck1-Matrix-animation-transform"><input semantic="INPUT" source="#swat_Neck1-Matrix-animation-input"/><input semantic="OUTPUT" source="#swat_Neck1-Matrix-animation-output-transform"/><input semantic="INTERPOLATION" source="#swat_Neck1-Interpolations"/></sampler><channel source="#swat_Neck1-Matrix-animation-transform" target="swat_Neck1/matrix"/></animation>
    <animation id="swat_Head-anim" name="swat_Head"><source id="swat_Head-Matrix-animation-input"><float_array id="swat_Head-Matrix-animation-input-array" count="22">

0.000000 0.033333 0.066667 0.100000 0.133333 0.166667 0.200000 0.233333 0.266667 0.300000 0.333333 0.366667 0.400000 0.433333 0.466667 0.500000
0.533333 0.566667 0.600000 0.633333 0.666667 0.700000</float_array><technique_common><accessor source="#swat_Head-Matrix-animation-input-array" count="22"><param name="TIME" type="float"/></accessor></technique_common></source><source id="swat_Head-Matrix-animation-output-transform"><float_array id="swat_Head-Matrix-animation-output-transform-array" count="352">

0.999761 0.020863 0.006512 0.000000 -0.021206 0.998090 0.058019 4.026600 -0.005289 -0.058144 0.998294 0.858500 0.000000 0.000000 0.000000 1.000000
0.999855 0.016999 -0.000658 0.000000 -0.016969 0.999362 0.031424 4.026600 0.001192 -0.031409 0.999506 0.858500 0.000000 0.000000 0.000000 1.000000
0.999880 0.011398 -0.010447 -0.000000 -0.011274 0.999867 0.011779 4.026600 0.010580 -0.011660 0.999876 0.858500 0.000000 0.000000 0.000000 1.000000
0.999753 0.007022 -0.021064 0.000000 -0.006873 0.999951 0.007132 4.026600 0.021113 -0.006986 0.999753 0.858500 0.000000 0.000000 0.000000 1.000000
0.999555 0.007582 -0.028865 -0.000000 -0.007567 0.999971 0.000623 4.026600 0.028868 -0.000404 0.999583 0.858500 0.000000 0.000000 0.000000 1.000000
0.999412 0.011607 -0.032268 -0.000000 -0.012296 0.999699 -0.021226 4.026600 0.032012 0.021610 0.999254 0.858500 0.000000 0.000000 0.000000 1.000000
0.999426 0.010319 -0.032279 0.000000 -0.011814 0.998850 -0.046473 4.026600 0.031762 0.046828 0.998398 0.858500 0.000000 0.000000 0.000000 1.000000
0.999587 0.001174 -0.028712 0.000000 -0.001341 0.999982 -0.005802 4.026600 0.028705 0.005838 0.999571 0.858500 0.000000 0.000000 0.000000 1.000000
0.999653 -0.005309 -0.025817 -0.000000 0.005856 0.999759 0.021160 4.026600 0.025699 -0.021304 0.999443 0.858500 0.000000 0.000000 0.000000 1.000000
0.999695 -0.007226 -0.023611 0.000000 0.007879 0.999585 0.027697 4.026600 0.023401 -0.027874 0.999337 0.858500 0.000000 0.000000 0.000000 1.000000
0.999782 -0.003307 -0.020600 0.000000 0.003461 0.999967 0.007415 4.026600 0.020575 -0.007485 0.999760 0.858500 0.000000 0.000000 0.000000 1.000000
0.999835 0.011167 -0.014346 0.000000 -0.011284 0.999903 -0.008131 4.026600 0.014254 0.008291 0.999864 0.858500 0.000000 0.000000 0.000000 1.000000
0.999296 0.037417 -0.002603 -0.000000 -0.037459 0.999123 -0.018683 4.026600 0.001902 0.018767 0.999822 0.858500 0.000000 0.000000 0.000000 1.000000
0.997392 0.070820 0.013888 0.000000 -0.070811 0.997489 -0.001138 4.026600 -0.013934 0.000151 0.999903 0.858500 0.000000 0.000000 0.000000 1.000000
0.995317 0.091955 0.029800 -0.000000 -0.093139 0.994804 0.041107 4.026600 -0.025865 -0.043690 0.998710 0.858500 0.000000 0.000000 0.000000 1.000000
0.995580 0.086924 0.035566 0.000000 -0.089332 0.993329 0.072917 4.026600 -0.028990 -0.075772 0.996704 0.858500 0.000000 0.000000 0.000000 1.000000
0.996899 0.071280 0.033352 0.000000 -0.073861 0.993732 0.083907 4.026600 -0.027162 -0.086110 0.995915 0.858500 0.000000 0.000000 0.000000 1.000000
0.998190 0.054322 0.025812 0.000000 -0.056370 0.994642 0.086664 4.026600 -0.020966 -0.087962 0.995903 0.858500 0.000000 0.000000 0.000000 1.000000
0.999045 0.039881 0.017855 0.000000 -0.041316 0.995182 0.088910 4.026600 -0.014223 -0.089562 0.995880 0.858500 0.000000 0.000000 0.000000 1.000000
0.999429 0.030696 0.014090 0.000000 -0.031839 0.995458 0.089716 4.026600 -0.011272 -0.090113 0.995868 0.858500 0.000000 0.000000 0.000000 1.000000
0.999626 0.025616 0.009530 0.000000 -0.026300 0.996420 0.080346 4.026600 -0.007438 -0.080567 0.996721 0.858500 0.000000 0.000000 0.000000 1.000000
0.999761 0.020864 0.006512 0.000000 -0.021207 0.998090 0.058022 4.026600 -0.005289 -0.058146 0.998294 0.858500 0.000000 0.000000 0.000000 1.000000</float_array><technique_common><accessor source="#swat_Head-Matrix-animation-output-transform-array" count="22" stride="16"><param type="float4x4"/></accessor></technique_common></source><source id="swat_Head-Interpolations"><Name_array id="swat_Head-Interpolations-array" count="22">
 LINEAR LINEAR LINEAR LINEAR LINEAR LINEAR LINEAR LINEAR LINEAR LINEAR LINEAR
LINEAR LINEAR LINEAR LINEAR LINEAR LINEAR LINEAR LINEAR LINEAR LINEAR LINEAR</Name_array><technique_common><accessor source="#swat_Head-Interpolations-array" count="22"><param type="name"/></accessor></technique_common></source><sampler id="swat_Head-Matrix-animation-transform"><input semantic="INPUT" source="#swat_Head-Matrix-animation-input"/><input semantic="OUTPUT" source="#swat_Head-Matrix-animation-output-transform"/><input semantic="INTERPOLATION" source="#swat_Head-Interpolations"/></sampler><channel source="#swat_Head-Matrix-animation-transform" target="swat_Head/matrix"/></animation>
    <animation id="swat_LeftShoulder-anim" name="swat_LeftShoulder"><source id="swat_LeftShoulder-Matrix-animation-input"><float_array id="swat_LeftShoulder-Matrix-animation-input-array" count="22">

0.000000 0.033333 0.066667 0.100000 0.133333 0.166667 0.200000 0.233333 0.266667 0.300000 0.333333 0.366667 0.400000 0.433333 0.466667 0.500000
0.533333 0.566667 0.600000 0.633333 0.666667 0.700000</float_array><technique_common><accessor source="#swat_LeftShoulder-Matrix-animation-input-array" count="22"><param name="TIME" type="float"/></accessor></technique_common></source><source id="swat_LeftShoulder-Matrix-animation-output-transform"><float_array id="swat_LeftShoulder-Matrix-animation-output-transform-array" count="352">

0.953446 0.248242 -0.171222 6.144200 -0.246595 0.968617 0.031171 10.187000 0.173586 0.012503 0.984739 -3.793200 0.000000 0.000000 0.000000 1.000000
0.973843 0.197432 -0.112470 6.144200 -0.194882 0.980260 0.033342 10.187000 0.116833 -0.010551 0.993096 -3.793200 0.000000 0.000000 0.000000 1.000000
0.985268 0.148399 -0.084995 6.144200 -0.145946 0.988694 0.034411 10.187000 0.089141 -0.021499 0.995787 -3.793200 0.000000 0.000000 0.000000 1.000000
0.985535 0.135243 -0.102126 6.144200 -0.132357 0.990600 0.034555 10.187000 0.105839 -0.020538 0.994171 -3.793200 0.000000 0.000000 0.000000 1.000000
0.981717 0.160643 -0.102102 6.144200 -0.158065 0.986880 0.032911 10.187000 0.106050 -0.016171 0.994229 -3.793200 0.000000 0.000000 0.000000 1.000000
0.979501 0.178287 -0.093764 6.144200 -0.176075 0.983875 0.031428 10.187000 0.097855 -0.014274 0.995098 -3.793200 0.000000 0.000000 0.000000 1.000000
0.977662 0.176008 -0.114881 6.144200 -0.173520 0.984330 0.031387 10.187000 0.118606 -0.010752 0.992883 -3.793200 0.000000 0.000000 0.000000 1.000000
0.966957 0.227027 -0.115984 6.144200 -0.225171 0.973887 0.029030 10.187000 0.119546 -0.001955 0.992827 -3.793200 0.000000 0.000000 0.000000 1.000000
0.955172 0.273550 -0.113216 6.144200 -0.272309 0.961842 0.026591 10.187000 0.116170 0.005430 0.993215 -3.793200 0.000000 0.000000 0.000000 1.000000
0.924726 0.346352 -0.157868 6.144200 -0.346393 0.937667 0.028150 10.187000 0.157778 0.028653 0.987059 -3.793200 0.000000 0.000000 0.000000 1.000000
0.899415 0.386915 -0.203346 6.144200 -0.388600 0.920807 0.033252 10.187000 0.200108 0.049113 0.978542 -3.793200 0.000000 0.000000 0.000000 1.000000
0.847029 0.450351 -0.282357 6.144200 -0.456395 0.888483 0.047985 10.187000 0.272479 0.088222 0.958109 -3.793200 0.000000 0.000000 0.000000 1.000000
0.837311 0.448270 -0.312991 6.144200 -0.455689 0.888529 0.053508 10.187000 0.302088 0.097824 0.948248 -3.793200 0.000000 0.000000 0.000000 1.000000
0.867863 0.399928 -0.294738 6.144200 -0.404994 0.913135 0.046515 10.187000 0.287739 0.078999 0.954445 -3.793200 0.000000 0.000000 0.000000 1.000000
0.893948 0.357038 -0.270889 6.144200 -0.360092 0.932053 0.040146 10.187000 0.266817 0.061656 0.961773 -3.793200 0.000000 0.000000 0.000000 1.000000
0.910344 0.330584 -0.248973 6.144200 -0.332452 0.942441 0.035788 10.187000 0.246473 0.050192 0.967849 -3.793200 0.000000 0.000000 0.000000 1.000000
0.902145 0.351534 -0.250118 6.144200 -0.354001 0.934528 0.036617 10.187000 0.246615 0.055508 0.967523 -3.793200 0.000000 0.000000 0.000000 1.000000
0.893483 0.364154 -0.262831 6.144200 -0.367323 0.929283 0.038827 10.187000 0.258384 0.061853 0.964060 -3.793200 0.000000 0.000000 0.000000 1.000000
0.905003 0.324542 -0.275032 6.144200 -0.327093 0.944232 0.037895 10.187000 0.271993 0.055666 0.960688 -3.793200 0.000000 0.000000 0.000000 1.000000
0.917481 0.293685 -0.268286 6.144200 -0.295418 0.954732 0.034853 10.187000 0.266378 0.047279 0.962709 -3.793200 0.000000 0.000000 0.000000 1.000000
0.929042 0.300103 -0.216377 6.144200 -0.301202 0.953129 0.028689 10.187000 0.214845 0.038520 0.975888 -3.793200 0.000000 0.000000 0.000000 1.000000
0.953446 0.248242 -0.171222 6.144200 -0.246595 0.968617 0.031171 10.187000 0.173586 0.012503 0.984739 -3.793200 0.000000 0.000000 0.000000 1.000000</float_array><technique_common><accessor source="#swat_LeftShoulder-Matrix-animation-output-transform-array" count="22" stride="16"><param type="float4x4"/></accessor></technique_common></source><source id="swat_LeftShoulder-Interpolations"><Name_array id="swat_LeftShoulder-Interpolations-array" count="22">
 LINEAR LINEAR LINEAR LINEAR LINEAR LINEAR LINEAR LINEAR LINEAR LINEAR LINEAR
LINEAR LINEAR LINEAR LINEAR LINEAR LINEAR LINEAR LINEAR LINEAR LINEAR LINEAR</Name_array><technique_common><accessor source="#swat_LeftShoulder-Interpolations-array" count="22"><param type="name"/></accessor></technique_common></source><sampler id="swat_LeftShoulder-Matrix-animation-transform"><input semantic="INPUT" source="#swat_LeftShoulder-Matrix-animation-input"/><input semantic="OUTPUT" source="#swat_LeftShoulder-Matrix-animation-output-transform"/><input semantic="INTERPOLATION" source="#swat_LeftShoulder-Interpolations"/></sampler><channel source="#swat_LeftShoulder-Matrix-animation-transform" target="swat_LeftShoulder/matrix"/></animation>
