<?xml version="1.0" encoding="utf-8"?>
<COLLADA xmlns="http://www.collada.org/2005/11/COLLADASchema" version="1.4.1">
  <asset><contributor><author>Mixamo</author><authoring_tool>COLLADA Mixamo exporter</authoring_tool><comments></comments></contributor><created>2018-06-07T18:14:22Z</created><modified>2018-06-07T18:14:22Z</modified><revision></revision><title></title><unit meter="0.010000"/><up_axis>Y_UP</up_axis></asset>
  <library_animations>
    <animation id="swat_Hips-anim" name="swat_Hips"><source id="swat_Hips-Matrix-animation-input"><float_array id="swat_Hips-Matrix-animation-input-array" count="20">

0.000000 0.033333 0.066667 0.100000 0.133333 0.166667 0.200000 0.233333 0.266667 0.300000 0.333333 0.366667 0.400000 0.433333 0.466667 0.500000
0.533333 0.566667 0.600000 0.633333</float_array><technique_common><accessor source="#swat_Hips-Matrix-animation-input-array" count="20"><param name="TIME" type="float"/></accessor></technique_common></source><source id="swat_Hips-Matrix-animation-output-transform"><float_array id="swat_Hips-Matrix-animation-output-transform-array" count="320">

0.999246 -0.009184 0.037714 0.066550 0.009258 0.999956 -0.001775 85.859352 -0.037696 0.002123 0.999287 0.058147 0.000000 0.000000 0.000000 1.000000
0.999193 0.006882 0.039574 -0.585695 -0.007685 0.999767 0.020190 85.163086 -0.039425 -0.020478 0.999013 1.715125 0.000000 0.000000 0.000000 1.000000
0.993592 0.013017 0.112270 -1.028999 -0.019256 0.998319 0.054668 85.627045 -0.111370 -0.056479 0.992173 3.420787 0.000000 0.000000 0.000000 1.000000
0.983235 0.017549 0.181494 -1.115914 -0.030905 0.996996 0.071024 86.568817 -0.179702 -0.075442 0.980824 4.115788 0.000000 0.000000 0.000000 1.000000
0.982282 0.025219 0.185704 -1.006146 -0.034626 0.998267 0.047588 87.745087 -0.184182 -0.053175 0.981453 4.234762 0.000000 0.000000 0.000000 1.000000
0.988730 0.034958 0.145568 -0.769698 -0.036015 0.999341 0.004630 88.779739 -0.145310 -0.009821 0.989337 4.631426 0.000000 0.000000 0.000000 1.000000
0.992696 0.049751 0.109909 -0.284651 -0.045833 0.998230 -0.037889 89.301125 -0.111599 0.032574 0.993219 3.701179 0.000000 0.000000 0.000000 1.000000
0.994110 0.063488 0.087827 0.471176 -0.058751 0.996728 -0.055510 89.170082 -0.091064 0.050023 0.994588 2.021962 0.000000 0.000000 0.000000 1.000000
0.994941 0.070552 0.071519 1.258677 -0.067798 0.996888 -0.040231 87.207253 -0.074135 0.035179 0.996628 1.325055 0.000000 0.000000 0.000000 1.000000
0.997070 0.056022 0.052087 1.984631 -0.055882 0.998429 -0.004136 85.019127 -0.052237 0.001213 0.998634 0.717478 0.000000 0.000000 0.000000 1.000000
0.999404 0.028552 0.019381 2.604191 -0.028849 0.999468 0.015213 83.634216 -0.018936 -0.015763 0.999696 0.741242 0.000000 0.000000 0.000000 1.000000
0.999765 0.016732 -0.013759 3.045066 -0.016333 0.999456 0.028669 83.931381 0.014231 -0.028437 0.999494 1.681525 0.000000 0.000000 0.000000 1.000000
0.999584 0.009840 -0.027121 3.085137 -0.008267 0.998310 0.057525 85.141640 0.027642 -0.057277 0.997976 2.527910 0.000000 0.000000 0.000000 1.000000
0.999983 -0.003168 -0.004923 2.550735 0.003484 0.997840 0.065593 86.771652 0.004705 -0.065609 0.997834 2.603427 0.000000 0.000000 0.000000 1.000000
0.998702 -0.014972 0.048675 1.922117 0.013228 0.999266 0.035955 88.414360 -0.049177 -0.035264 0.998167 3.222590 0.000000 0.000000 0.000000 1.000000
0.994825 -0.018713 0.099861 1.346699 0.020296 0.999684 -0.014863 89.570259 -0.099551 0.016813 0.994890 2.430976 0.000000 0.000000 0.000000 1.000000
0.991574 -0.016696 0.128460 0.867980 0.022599 0.998748 -0.044632 89.773590 -0.127554 0.047159 0.990710 1.178141 0.000000 0.000000 0.000000 1.000000
0.992548 -0.021869 0.119874 0.601093 0.026851 0.998835 -0.040104 88.831810 -0.118857 0.043024 0.991979 0.781467 0.000000 0.000000 0.000000 1.000000
0.997071 -0.025861 0.071970 0.411854 0.026725 0.999582 -0.011060 87.288246 -0.071654 0.012951 0.997345 0.300900 0.000000 0.000000 0.000000 1.000000
0.999246 -0.009184 0.037714 0.066550 0.009258 0.999956 -0.001775 85.859352 -0.037696 0.002123 0.999287 0.058146 0.000000 0.000000 0.000000 1.000000</float_array><technique_common><accessor source="#swat_Hips-Matrix-animation-output-transform-array" count="20" stride="16"><param type="float4x4"/></accessor></technique_common></source><source id="swat_Hips-Interpolations"><Name_array id="swat_Hips-Interpolations-array" count="20">
 LINEAR LINEAR LINEAR LINEAR LINEAR LINEAR LINEAR LINEAR LINEAR LINEAR LINEAR
LINEAR LINEAR LINEAR LINEAR LINEAR LINEAR LINEAR LINEAR LINEAR</Name_array><technique_common><accessor source="#swat_Hips-Interpolations-array" count="20"><param type="name"/></accessor></technique_common></source><sampler id="swat_Hips-Matrix-animation-transform"><input semantic="INPUT" source="#swat_Hips-Matrix-animation-input"/><input semantic="OUTPUT" source="#swat_Hips-Matrix-animation-output-transform"/><input semantic="INTERPOLATION" source="#swat_Hips-Interpolations"/></sampler><channel source="#swat_Hips-Matrix-animation-transform" target="swat_Hips/matrix"/></animation>
    <animation id="swat_Spine-anim" name="swat_Spine"><source id="swat_Spine-Matrix-animation-input"><float_array id="swat_Spine-Matrix-animation-input-array" count="20">

0.000000 0.033333 0.066667 0.100000 0.133333 0.166667 0.200000 0.233333 0.266667 0.300000 0.333333 0.366667 0.400000 0.433333 0.466667 0.500000
0.533333 0.566667 0.600000 0.633333</float_array><technique_common><accessor source="#swat_Spine-Matrix-animation-input-array" count="20"><param name="TIME" type="float"/></accessor></technique_common></source><source id="swat_Spine-Matrix-animation-output-transform"><float_array id="swat_Spine-Matrix-animation-output-transform-array" count="320">

0.999279 -0.007175 0.037281 0.000000 0.017002 0.962585 -0.270446 9.226300 -0.033946 0.270885 0.962013 1.577100 0.000000 0.000000 0.000000 1.000000
0.999816 -0.019040 -0.002150 -0.000000 0.017815 0.965008 -0.261616 9.226300 0.007056 0.261530 0.965170 1.577100 0.000000 0.000000 0.000000 1.000000
0.996001 -0.034876 -0.082250 0.000000 0.012190 0.965097 -0.261610 9.226300 0.088503 0.259562 0.961663 1.577100 0.000000 0.000000 0.000000 1.000000
0.986838 -0.041149 -0.156390 0.000000 -0.000356 0.966530 -0.256555 9.226300 0.161713 0.253234 0.953793 1.577100 0.000000 0.000000 0.000000 1.000000
0.984479 -0.025420 -0.173651 0.000000 -0.012867 0.976337 -0.215871 9.226300 0.175030 0.214755 0.960856 1.577100 0.000000 0.000000 0.000000 1.000000
0.990720 -0.000652 -0.135914 0.000000 -0.021059 0.987176 -0.158243 9.226300 0.134274 0.159637 0.978001 1.577100 0.000000 0.000000 0.000000 1.000000
0.996195 0.008381 -0.086754 0.000000 -0.020822 0.989429 -0.143513 9.226300 0.084634 0.144774 0.985839 1.577100 0.000000 0.000000 0.000000 1.000000
0.998234 0.000427 -0.059397 0.000000 -0.011022 0.983939 -0.178163 9.226300 0.058367 0.178503 0.982207 1.577100 0.000000 0.000000 0.000000 1.000000
0.998614 -0.002474 -0.052582 -0.000000 -0.009466 0.974171 -0.225613 9.226300 0.051782 0.225798 0.972797 1.577100 0.000000 0.000000 0.000000 1.000000
0.999097 0.014949 -0.039764 0.000000 -0.024956 0.964030 -0.264619 9.226300 0.034378 0.265372 0.963533 1.577100 0.000000 0.000000 0.000000 1.000000
0.999098 0.042282 0.003993 0.000000 -0.039462 0.958978 -0.280720 9.226300 -0.015699 0.280309 0.959781 1.577100 0.000000 0.000000 0.000000 1.000000
0.995738 0.058304 0.071458 0.000000 -0.035976 0.958989 -0.281151 9.226300 -0.084920 0.277382 0.956999 1.577100 0.000000 0.000000 0.000000 1.000000
0.989961 0.062133 0.126953 0.000000 -0.023865 0.958779 -0.283148 9.226300 -0.139313 0.277276 0.950637 1.577100 0.000000 0.000000 0.000000 1.000000
0.987123 0.062222 0.147369 0.000000 -0.021246 0.964085 -0.264744 9.226300 -0.158549 0.258204 0.952992 1.577100 0.000000 0.000000 0.000000 1.000000
0.989204 0.055201 0.135752 0.000000 -0.024871 0.976142 -0.215703 9.226300 -0.144420 0.209998 0.966977 1.577100 0.000000 0.000000 0.000000 1.000000
0.993202 0.040471 0.109141 0.000000 -0.019562 0.982309 -0.186242 9.226300 -0.114747 0.182841 0.976423 1.577100 0.000000 0.000000 0.000000 1.000000
0.995606 0.025693 0.090051 0.000000 -0.007625 0.980674 -0.195501 9.226300 -0.093333 0.193955 0.976560 1.577100 0.000000 0.000000 0.000000 1.000000
0.996614 0.018240 0.080174 0.000000 -0.000220 0.975671 -0.219239 9.226300 -0.082223 0.218479 0.972372 1.577100 0.000000 0.000000 0.000000 1.000000
0.997929 0.011480 0.063286 -0.000000 0.004651 0.968487 -0.249021 9.226300 -0.064150 0.248799 0.966428 1.577100 0.000000 0.000000 0.000000 1.000000
0.999279 -0.007175 0.037281 -0.000000 0.017002 0.962585 -0.270446 9.226300 -0.033946 0.270885 0.962013 1.577100 0.000000 0.000000 0.000000 1.000000</float_array><technique_common><accessor source="#swat_Spine-Matrix-animation-output-transform-array" count="20" stride="16"><param type="float4x4"/></accessor></technique_common></source><source id="swat_Spine-Interpolations"><Name_array id="swat_Spine-Interpolations-array" count="20">
 LINEAR LINEAR LINEAR LINEAR LINEAR LINEAR LINEAR LINEAR LINEAR LINEAR LINEAR
LINEAR LINEAR LINEAR LINEAR LINEAR LINEAR LINEAR LINEAR LINEAR</Name_array><technique_common><accessor source="#swat_Spine-Interpolations-array" count="20"><param type="name"/></accessor></technique_common></source><sampler id="swat_Spine-Matrix-animation-transform"><input semantic="INPUT" source="#swat_Spine-Matrix-animation-input"/><input semantic="OUTPUT" source="#swat_Spine-Matrix-animation-output-transform"/><input semantic="INTERPOLATION" source="#swat_Spine-Interpolations"/></sampler><channel source="#swat_Spine-Matrix-animation-transform" target="swat_Spine/matrix"/></animation>
    <animation id="swat_Spine1-anim" name="swat_Spine1"><source id="swat_Spine1-Matrix-animation-input"><float_array id="swat_Spine1-Matrix-animation-input-array" count="20">

0.000000 0.033333 0.066667 0.100000 0.133333 0.166667 0.200000 0.233333 0.266667 0.300000 0.333333 0.366667 0.400000 0.433333 0.466667 0.500000
0.533333 0.566667 0.600000 0.633333</float_array><technique_common><accessor source="#swat_Spine1-Matrix-animation-input-array" count="20"><param name="TIME" type="float"/></accessor></technique_common></source><source id="swat_Spine1-Matrix-animation-output-transform"><float_array id="swat_Spine1-Matrix-animation-output-transform-array" count="320">

0.999927 -0.007994 0.009105 0.000000 0.008397 0.998945 -0.045145 16.254000 -0.008735 0.045218 0.998939 -0.165600 0.000000 0.000000 0.000000 1.000000
0.999934 -0.011291 -0.002046 0.000000 0.011189 0.998953 -0.044351 16.254000 0.002545 0.044325 0.999014 -0.165600 0.000000 0.000000 0.000000 1.000000
0.999653 -0.010521 -0.024141 0.000000 0.009531 0.999124 -0.040751 16.254000 0.024549 0.040506 0.998878 -0.165600 0.000000 0.000000 0.000000 1.000000
0.998994 -0.006842 -0.044323 -0.000000 0.005099 0.999214 -0.039301 16.254000 0.044557 0.039036 0.998244 -0.165600 0.000000 0.000000 0.000000 1.000000
0.998814 -0.004722 -0.048453 0.000000 0.002270 0.998720 -0.050534 16.254000 0.048630 0.050365 0.997546 -0.165600 0.000000 0.000000 0.000000 1.000000
0.999286 -0.005465 -0.037395 0.000000 0.003024 0.997878 -0.065044 16.254000 0.037671 0.064884 0.997182 -0.165600 0.000000 0.000000 0.000000 1.000000
0.999698 -0.006362 -0.023721 0.000000 0.004893 0.998096 -0.061493 16.254000 0.024067 0.061358 0.997826 -0.165600 0.000000 0.000000 0.000000 1.000000
0.999843 -0.006345 -0.016546 0.000000 0.005558 0.998871 -0.047184 16.254000 0.016826 0.047085 0.998749 -0.165600 0.000000 0.000000 0.000000 1.000000
0.999873 -0.006243 -0.014669 0.000000 0.005619 0.999092 -0.042236 16.254000 0.014919 0.042148 0.999000 -0.165600 0.000000 0.000000 0.000000 1.000000
0.999933 -0.005161 -0.010331 0.000000 0.004691 0.998973 -0.045066 16.254000 0.010553 0.045015 0.998931 -0.165600 0.000000 0.000000 0.000000 1.000000
0.999992 -0.002921 0.002824 0.000000 0.003051 0.998874 -0.047337 16.254000 -0.002682 0.047345 0.998875 -0.165600 0.000000 0.000000 0.000000 1.000000
0.999761 -0.001476 0.021831 -0.000000 0.002514 0.998863 -0.047601 16.254000 -0.021736 0.047644 0.998628 -0.165600 0.000000 0.000000 0.000000 1.000000
0.999316 -0.001906 0.036944 0.000000 0.003635 0.998897 -0.046807 16.254000 -0.036814 0.046910 0.998221 -0.165600 0.000000 0.000000 0.000000 1.000000
0.999098 -0.003654 0.042302 0.000000 0.005842 0.998645 -0.051705 16.254000 -0.042055 0.051905 0.997766 -0.165600 0.000000 0.000000 0.000000 1.000000
0.999243 -0.004339 0.038651 -0.000000 0.006699 0.998108 -0.061122 16.254000 -0.038313 0.061335 0.997382 -0.165600 0.000000 0.000000 0.000000 1.000000
0.999517 -0.003571 0.030856 0.000000 0.005373 0.998271 -0.058535 16.254000 -0.030594 0.058673 0.997808 -0.165600 0.000000 0.000000 0.000000 1.000000
0.999673 -0.004897 0.025094 0.000000 0.006110 0.998805 -0.048496 16.254000 -0.024826 0.048633 0.998508 -0.165600 0.000000 0.000000 0.000000 1.000000
0.999733 -0.007126 0.021966 0.000000 0.008129 0.998911 -0.045942 16.254000 -0.021615 0.046108 0.998703 -0.165600 0.000000 0.000000 0.000000 1.000000
0.999831 -0.006874 0.017047 0.000000 0.007659 0.998893 -0.046405 16.254000 -0.016709 0.046527 0.998777 -0.165600 0.000000 0.000000 0.000000 1.000000
0.999927 -0.007994 0.009105 -0.000000 0.008397 0.998945 -0.045145 16.254000 -0.008735 0.045218 0.998939 -0.165600 0.000000 0.000000 0.000000 1.000000</float_array><technique_common><accessor source="#swat_Spine1-Matrix-animation-output-transform-array" count="20" stride="16"><param type="float4x4"/></accessor></technique_common></source><source id="swat_Spine1-Interpolations"><Name_array id="swat_Spine1-Interpolations-array" count="20">
 LINEAR LINEAR LINEAR LINEAR LINEAR LINEAR LINEAR LINEAR LINEAR LINEAR LINEAR
LINEAR LINEAR LINEAR LINEAR LINEAR LINEAR LINEAR LINEAR LINEAR</Name_array><technique_common><accessor source="#swat_Spine1-Interpolations-array" count="20"><param type="name"/></accessor></technique_common></source><sampler id="swat_Spine1-Matrix-animation-transform"><input semantic="INPUT" source="#swat_Spine1-Matrix-animation-input"/><input semantic="OUTPUT" source="#swat_Spine1-Matrix-animation-output-transform"/><input semantic="INTERPOLATION" source="#swat_Spine1-Interpolations"/></sampler><channel source="#swat_Spine1-Matrix-animation-transform" target="swat_Spine1/matrix"/></animation>
    <animation id="swat_Spine2-anim" name="swat_Spine2"><source id="swat_Spine2-Matrix-animation-input"><float_array id="swat_Spine2-Matrix-animation-input-array" count="20">

0.000000 0.033333 0.066667 0.100000 0.133333 0.166667 0.200000 0.233333 0.266667 0.300000 0.333333 0.366667 0.400000 0.433333 0.466667 0.500000
0.533333 0.566667 0.600000 0.633333</float_array><technique_common><accessor source="#swat_Spine2-Matrix-animation-input-array" count="20"><param name="TIME" type="float"/></accessor></technique_common></source><source id="swat_Spine2-Matrix-animation-output-transform"><float_array id="swat_Spine2-Matrix-animation-output-transform-array" count="320">

0.999932 -0.007861 0.008663 0.000000 0.008245 0.998944 -0.045202 13.639600 -0.008298 0.045270 0.998940 -1.292300 0.000000 0.000000 0.000000 1.000000
0.999931 -0.011479 -0.002501 0.000000 0.011357 0.998953 -0.044308 13.639600 0.003007 0.044276 0.999015 -1.292300 0.000000 0.000000 0.000000 1.000000
0.999640 -0.011304 -0.024344 0.000000 0.010307 0.999119 -0.040672 13.639600 0.024783 0.040406 0.998876 -1.292300 0.000000 0.000000 0.000000 1.000000
0.998990 -0.007969 -0.044214 -0.000000 0.006229 0.999206 -0.039356 13.639600 0.044493 0.039041 0.998247 -1.292300 0.000000 0.000000 0.000000 1.000000
0.998819 -0.005398 -0.048292 0.000000 0.002946 0.998709 -0.050709 13.639600 0.048503 0.050507 0.997545 -1.292300 0.000000 0.000000 0.000000 1.000000
0.999284 -0.005484 -0.037433 0.000000 0.003035 0.997870 -0.065169 13.639600 0.037711 0.065009 0.997172 -1.292300 0.000000 0.000000 0.000000 1.000000
0.999693 -0.006411 -0.023917 0.000000 0.004929 0.998094 -0.061520 13.639600 0.024266 0.061383 0.997819 -1.292300 0.000000 0.000000 0.000000 1.000000
0.999837 -0.006764 -0.016747 0.000000 0.005967 0.998869 -0.047176 13.639600 0.017047 0.047069 0.998746 -1.292300 0.000000 0.000000 0.000000 1.000000
0.999866 -0.006762 -0.014890 0.000000 0.006128 0.999089 -0.042231 13.639600 0.015162 0.042134 0.998997 -1.292300 0.000000 0.000000 0.000000 1.000000
0.999928 -0.005528 -0.010687 0.000000 0.005041 0.998971 -0.045068 13.639600 0.010925 0.045010 0.998927 -1.292300 0.000000 0.000000 0.000000 1.000000
0.999993 -0.002958 0.002295 -0.000000 0.003064 0.998873 -0.047363 13.639600 -0.002152 0.047370 0.998875 -1.292300 0.000000 0.000000 0.000000 1.000000
0.999776 -0.001000 0.021163 -0.000000 0.002008 0.998860 -0.047701 13.639600 -0.021091 0.047732 0.998637 -1.292300 0.000000 0.000000 0.000000 1.000000
0.999345 -0.001033 0.036173 0.000000 0.002734 0.998890 -0.047016 13.639600 -0.036085 0.047084 0.998239 -1.292300 0.000000 0.000000 0.000000 1.000000
0.999134 -0.002915 0.041497 -0.000000 0.005072 0.998636 -0.051968 13.639600 -0.041289 0.052133 0.997786 -1.292300 0.000000 0.000000 0.000000 1.000000
0.999271 -0.004025 0.037969 -0.000000 0.006350 0.998098 -0.061325 13.639600 -0.037649 0.061521 0.997395 -1.292300 0.000000 0.000000 0.000000 1.000000
0.999534 -0.003284 0.030335 -0.000000 0.005060 0.998265 -0.058660 13.639600 -0.030090 0.058786 0.997817 -1.292300 0.000000 0.000000 0.000000 1.000000
0.999689 -0.004383 0.024555 0.000000 0.005574 0.998801 -0.048627 13.639600 -0.024313 0.048748 0.998515 -1.292300 0.000000 0.000000 0.000000 1.000000
0.999750 -0.006625 0.021354 0.000000 0.007604 0.998908 -0.046089 13.639600 -0.021025 0.046239 0.998709 -1.292300 0.000000 0.000000 0.000000 1.000000
0.999842 -0.006558 0.016513 0.000000 0.007320 0.998891 -0.046508 13.639600 -0.016190 0.046622 0.998781 -1.292300 0.000000 0.000000 0.000000 1.000000
0.999932 -0.007861 0.008663 -0.000000 0.008245 0.998944 -0.045202 13.639600 -0.008298 0.045270 0.998940 -1.292300 0.000000 0.000000 0.000000 1.000000</float_array><technique_common><accessor source="#swat_Spine2-Matrix-animation-output-transform-array" count="20" stride="16"><param type="float4x4"/></accessor></technique_common></source><source id="swat_Spine2-Interpolations"><Name_array id="swat_Spine2-Interpolations-array" count="20">
 LINEAR LINEAR LINEAR LINEAR LINEAR LINEAR LINEAR LINEAR LINEAR LINEAR LINEAR
LINEAR LINEAR LINEAR LINEAR LINEAR LINEAR LINEAR LINEAR LINEAR</Name_array><technique_common><accessor source="#swat_Spine2-Interpolations-array" count="20"><param type="name"/></accessor></technique_common></source><sampler id="swat_Spine2-Matrix-animation-transform"><input semantic="INPUT" source="#swat_Spine2-Matrix-animation-input"/><input semantic="OUTPUT" source="#swat_Spine2-Matrix-animation-output-transform"/><input semantic="INTERPOLATION" source="#swat_Spine2-Interpolations"/></sampler><channel source="#swat_Spine2-Matrix-animation-transform" target="swat_Spine2/matrix"/></animation>
    <animation id="swat_Neck-anim" name="swat_Neck"><source id="swat_Neck-Matrix-animation-input"><float_array id="swat_Neck-Matrix-animation-input-array" count="20">

0.000000 0.033333 0.066667 0.100000 0.133333 0.166667 0.200000 0.233333 0.266667 0.300000 0.333333 0.366667 0.400000 0.433333 0.466667 0.500000
0.533333 0.566667 0.600000 0.633333</float_array><technique_common><accessor source="#swat_Neck-Matrix-animation-input-array" count="20"><param name="TIME" type="float"/></accessor></technique_common></source><source id="swat_Neck-Matrix-animation-output-transform"><float_array id="swat_Neck-Matrix-animation-output-transform-array" count="320">

0.999949 -0.007742 -0.006558 0.000000 0.007693 0.999942 -0.007509 13.877400 0.006616 0.007459 0.999950 -4.354200 0.000000 0.000000 0.000000 1.000000
0.999980 -0.005643 -0.002968 0.000000 0.005615 0.999939 -0.009490 13.877400 0.003021 0.009474 0.999951 -4.354200 0.000000 0.000000 0.000000 1.000000
0.999987 -0.005071 0.000640 -0.000000 0.005079 0.999895 -0.013598 13.877400 -0.000571 0.013601 0.999907 -4.354200 0.000000 0.000000 0.000000 1.000000
0.999980 -0.005495 0.003287 0.000000 0.005549 0.999847 -0.016614 13.877400 -0.003195 0.016632 0.999857 -4.354200 0.000000 0.000000 0.000000 1.000000
0.999974 -0.005908 0.004211 -0.000000 0.005980 0.999834 -0.017196 13.877400 -0.004109 0.017221 0.999843 -4.354200 0.000000 0.000000 0.000000 1.000000
0.999975 -0.006143 0.003399 0.000000 0.006200 0.999838 -0.016902 13.877400 -0.003294 0.016923 0.999851 -4.354200 0.000000 0.000000 0.000000 1.000000
0.999975 -0.006867 0.001541 0.000000 0.006891 0.999845 -0.016208 13.877400 -0.001430 0.016218 0.999867 -4.354200 0.000000 0.000000 0.000000 1.000000
0.999969 -0.007937 -0.000037 -0.000000 0.007935 0.999864 -0.014456 13.877400 0.000152 0.014455 0.999896 -4.354200 0.000000 0.000000 0.000000 1.000000
0.999959 -0.009004 -0.000569 -0.000000 0.008997 0.999891 -0.011745 13.877400 0.000675 0.011740 0.999931 -4.354200 0.000000 0.000000 0.000000 1.000000
0.999944 -0.010533 -0.001161 0.000000 0.010522 0.999907 -0.008719 13.877400 0.001253 0.008706 0.999961 -4.354200 0.000000 0.000000 0.000000 1.000000
0.999923 -0.011883 -0.003657 0.000000 0.011856 0.999903 -0.007318 13.877400 0.003743 0.007274 0.999967 -4.354200 0.000000 0.000000 0.000000 1.000000
0.999897 -0.012009 -0.007887 -0.000000 0.011935 0.999885 -0.009382 13.877400 0.007999 0.009287 0.999925 -4.354200 0.000000 0.000000 0.000000 1.000000
0.999872 -0.011113 -0.011523 0.000000 0.010952 0.999843 -0.013943 13.877400 0.011676 0.013815 0.999836 -4.354200 0.000000 0.000000 0.000000 1.000000
0.999864 -0.009910 -0.013207 0.000000 0.009675 0.999795 -0.017772 13.877400 0.013381 0.017642 0.999755 -4.354200 0.000000 0.000000 0.000000 1.000000
0.999859 -0.009642 -0.013718 0.000000 0.009393 0.999793 -0.018073 13.877400 0.013890 0.017942 0.999743 -4.354200 0.000000 0.000000 0.000000 1.000000
0.999850 -0.010274 -0.013953 0.000000 0.010069 0.999841 -0.014724 13.877400 0.014102 0.014581 0.999794 -4.354200 0.000000 0.000000 0.000000 1.000000
0.999858 -0.009769 -0.013744 0.000000 0.009624 0.999898 -0.010589 13.877400 0.013846 0.010455 0.999849 -4.354200 0.000000 0.000000 0.000000 1.000000
0.999884 -0.008637 -0.012516 -0.000000 0.008524 0.999923 -0.009003 13.877400 0.012593 0.008896 0.999881 -4.354200 0.000000 0.000000 0.000000 1.000000
0.999914 -0.008464 -0.010002 0.000000 0.008373 0.999923 -0.009156 13.877400 0.010079 0.009072 0.999908 -4.354200 0.000000 0.000000 0.000000 1.000000
0.999949 -0.007742 -0.006558 0.000000 0.007693 0.999942 -0.007509 13.877400 0.006616 0.007459 0.999950 -4.354200 0.000000 0.000000 0.000000 1.000000</float_array><technique_common><accessor source="#swat_Neck-Matrix-animation-output-transform-array" count="20" stride="16"><param type="float4x4"/></accessor></technique_common></source><source id="swat_Neck-Interpolations"><Name_array id="swat_Neck-Interpolations-array" count="20">
 LINEAR LINEAR LINEAR LINEAR LINEAR LINEAR LINEAR LINEAR LINEAR LINEAR LINEAR
LINEAR LINEAR LINEAR LINEAR LINEAR LINEAR LINEAR LINEAR LINEAR</Name_array><technique_common><accessor source="#swat_Neck-Interpolations-array" count="20"><param type="name"/></accessor></technique_common></source><sampler id="swat_Neck-Matrix-animation-transform"><input semantic="INPUT" source="#swat_Neck-Matrix-animation-input"/><input semantic="OUTPUT" source="#swat_Neck-Matrix-animation-output-transform"/><input semantic="INTERPOLATION" source="#swat_Neck-Interpolations"/></sampler><channel source="#swat_Neck-Matrix-animation-transform" target="swat_Neck/matrix"/></animation>
    <animation id="swat_Neck1-anim" name="swat_Neck1"><source id="swat_Neck1-Matrix-animation-input"><float_array id="swat_Neck1-Matrix-animation-input-array" count="20">

0.000000 0.033333 0.066667 0.100000 0.133333 0.166667 0.200000 0.233333 0.266667 0.300000 0.333333 0.366667 0.400000 0.433333 0.466667 0.500000
0.533333 0.566667 0.600000 0.633333</float_array><technique_common><accessor source="#swat_Neck1-Matrix-animation-input-array" count="20"><param name="TIME" type="float"/></accessor></technique_common></source><source id="swat_Neck1-Matrix-animation-output-transform"><float_array id="swat_Neck1-Matrix-animation-output-transform-array" count="320">

0.999949 -0.007742 -0.006558 0.000000 0.007693 0.999942 -0.007509 4.340000 0.006616 0.007459 0.999950 0.926900 0.000000 0.000000 0.000000 1.000000
0.999980 -0.005643 -0.002968 0.000000 0.005615 0.999939 -0.009491 4.340000 0.003021 0.009474 0.999951 0.926900 0.000000 0.000000 0.000000 1.000000
0.999987 -0.005071 0.000640 0.000000 0.005079 0.999895 -0.013598 4.340000 -0.000571 0.013601 0.999907 0.926900 0.000000 0.000000 0.000000 1.000000
0.999980 -0.005495 0.003287 0.000000 0.005549 0.999847 -0.016614 4.340000 -0.003195 0.016632 0.999857 0.926900 0.000000 0.000000 0.000000 1.000000
0.999974 -0.005908 0.004211 0.000000 0.005980 0.999834 -0.017197 4.340000 -0.004109 0.017221 0.999843 0.926900 0.000000 0.000000 0.000000 1.000000
0.999975 -0.006143 0.003399 -0.000000 0.006200 0.999838 -0.016902 4.340000 -0.003294 0.016922 0.999851 0.926900 0.000000 0.000000 0.000000 1.000000
0.999975 -0.006867 0.001541 0.000000 0.006891 0.999845 -0.016208 4.340000 -0.001430 0.016218 0.999867 0.926900 0.000000 0.000000 0.000000 1.000000
0.999969 -0.007937 -0.000037 0.000000 0.007936 0.999864 -0.014455 4.340000 0.000152 0.014455 0.999896 0.926900 0.000000 0.000000 0.000000 1.000000
0.999959 -0.009004 -0.000569 -0.000000 0.008997 0.999891 -0.011745 4.340000 0.000675 0.011740 0.999931 0.926900 0.000000 0.000000 0.000000 1.000000
0.999944 -0.010533 -0.001161 0.000000 0.010523 0.999907 -0.008719 4.340000 0.001253 0.008706 0.999961 0.926900 0.000000 0.000000 0.000000 1.000000
0.999923 -0.011884 -0.003657 -0.000000 0.011857 0.999903 -0.007317 4.340000 0.003744 0.007273 0.999967 0.926900 0.000000 0.000000 0.000000 1.000000
0.999897 -0.012009 -0.007887 0.000000 0.011935 0.999885 -0.009382 4.340000 0.007999 0.009287 0.999925 0.926900 0.000000 0.000000 0.000000 1.000000
0.999872 -0.011113 -0.011523 0.000000 0.010952 0.999843 -0.013943 4.340000 0.011676 0.013815 0.999836 0.926900 0.000000 0.000000 0.000000 1.000000
0.999864 -0.009910 -0.013207 -0.000000 0.009675 0.999795 -0.017772 4.340000 0.013380 0.017642 0.999755 0.926900 0.000000 0.000000 0.000000 1.000000
0.999859 -0.009642 -0.013718 -0.000000 0.009393 0.999793 -0.018073 4.340000 0.013890 0.017942 0.999743 0.926900 0.000000 0.000000 0.000000 1.000000
0.999850 -0.010274 -0.013952 -0.000000 0.010069 0.999841 -0.014726 4.340000 0.014102 0.014583 0.999794 0.926900 0.000000 0.000000 0.000000 1.000000
0.999858 -0.009769 -0.013744 0.000000 0.009624 0.999898 -0.010590 4.340000 0.013846 0.010457 0.999849 0.926900 0.000000 0.000000 0.000000 1.000000
0.999884 -0.008637 -0.012516 -0.000000 0.008524 0.999923 -0.009004 4.340000 0.012593 0.008896 0.999881 0.926900 0.000000 0.000000 0.000000 1.000000
0.999914 -0.008464 -0.010002 -0.000000 0.008373 0.999923 -0.009156 4.340000 0.010079 0.009072 0.999908 0.926900 0.000000 0.000000 0.000000 1.000000
0.999949 -0.007742 -0.006558 0.000000 0.007693 0.999942 -0.007509 4.340000 0.006616 0.007459 0.999950 0.926900 0.000000 0.000000 0.000000 1.000000</float_array><technique_common><accessor source="#swat_Neck1-Matrix-animation-output-transform-array" count="20" stride="16"><param type="float4x4"/></accessor></technique_common></source><source id="swat_Neck1-Interpolations"><Name_array id="swat_Neck1-Interpolations-array" count="20">
 LINEAR LINEAR LINEAR LINEAR LINEAR LINEAR LINEAR LINEAR LINEAR LINEAR LINEAR
LINEAR LINEAR LINEAR LINEAR LINEAR LINEAR LINEAR LINEAR LINEAR</Name_array><technique_common><accessor source="#swat_Neck1-Interpolations-array" count="20"><param type="name"/></accessor></technique_common></source><sampler id="swat_Neck1-Matrix-animation-transform"><input semantic="INPUT" source="#swat_Neck1-Matrix-animation-input"/><input semantic="OUTPUT" source="#swat_Neck1-Matrix-animation-output-transform"/><input semantic="INTERPOLATION" source="#swat_Neck1-Interpolations"/></sampler><channel source="#swat_Neck1-Matrix-animation-transform" target="swat_Neck1/matrix"/></animation>
    <animation id="swat_Head-anim" name="swat_Head"><source id="swat_Head-Matrix-animation-input"><float_array id="swat_Head-Matrix-animation-input-array" count="20">

0.000000 0.033333 0.066667 0.100000 0.133333 0.166667 0.200000 0.233333 0.266667 0.300000 0.333333 0.366667 0.400000 0.433333 0.466667 0.500000
0.533333 0.566667 0.600000 0.633333</float_array><technique_common><accessor source="#swat_Head-Matrix-animation-input-array" count="20"><param name="TIME" type="float"/></accessor></technique_common></source><source id="swat_Head-Matrix-animation-output-transform"><float_array id="swat_Head-Matrix-animation-output-transform-array" count="320">

0.999949 -0.007742 -0.006558 0.000000 0.007693 0.999942 -0.007509 4.026600 0.006616 0.007459 0.999950 0.858500 0.000000 0.000000 0.000000 1.000000
0.999980 -0.005644 -0.002968 0.000000 0.005615 0.999939 -0.009490 4.026600 0.003021 0.009474 0.999951 0.858500 0.000000 0.000000 0.000000 1.000000
0.999987 -0.005071 0.000640 0.000000 0.005079 0.999895 -0.013598 4.026600 -0.000571 0.013601 0.999907 0.858500 0.000000 0.000000 0.000000 1.000000
0.999980 -0.005495 0.003287 0.000000 0.005549 0.999847 -0.016613 4.026600 -0.003195 0.016631 0.999857 0.858500 0.000000 0.000000 0.000000 1.000000
0.999974 -0.005908 0.004211 0.000000 0.005980 0.999834 -0.017196 4.026600 -0.004109 0.017221 0.999843 0.858500 0.000000 0.000000 0.000000 1.000000
0.999975 -0.006143 0.003399 0.000000 0.006200 0.999838 -0.016902 4.026600 -0.003294 0.016923 0.999851 0.858500 0.000000 0.000000 0.000000 1.000000
0.999975 -0.006867 0.001541 -0.000000 0.006891 0.999845 -0.016208 4.026600 -0.001430 0.016218 0.999867 0.858500 0.000000 0.000000 0.000000 1.000000
0.999969 -0.007937 -0.000037 -0.000000 0.007935 0.999864 -0.014456 4.026600 0.000152 0.014455 0.999896 0.858500 0.000000 0.000000 0.000000 1.000000
0.999959 -0.009004 -0.000569 0.000000 0.008997 0.999891 -0.011745 4.026600 0.000675 0.011740 0.999931 0.858500 0.000000 0.000000 0.000000 1.000000
0.999944 -0.010533 -0.001161 0.000000 0.010522 0.999907 -0.008719 4.026600 0.001253 0.008707 0.999961 0.858500 0.000000 0.000000 0.000000 1.000000
0.999923 -0.011883 -0.003657 0.000000 0.011856 0.999903 -0.007318 4.026600 0.003743 0.007274 0.999967 0.858500 0.000000 0.000000 0.000000 1.000000
0.999897 -0.012010 -0.007887 -0.000000 0.011935 0.999885 -0.009381 4.026600 0.007999 0.009286 0.999925 0.858500 0.000000 0.000000 0.000000 1.000000
0.999872 -0.011113 -0.011523 0.000000 0.010952 0.999843 -0.013943 4.026600 0.011676 0.013815 0.999836 0.858500 0.000000 0.000000 0.000000 1.000000
0.999864 -0.009910 -0.013207 -0.000000 0.009675 0.999795 -0.017772 4.026600 0.013380 0.017642 0.999755 0.858500 0.000000 0.000000 0.000000 1.000000
0.999859 -0.009642 -0.013718 0.000000 0.009393 0.999793 -0.018073 4.026600 0.013890 0.017942 0.999743 0.858500 0.000000 0.000000 0.000000 1.000000
0.999850 -0.010274 -0.013953 -0.000000 0.010069 0.999841 -0.014722 4.026600 0.014102 0.014579 0.999794 0.858500 0.000000 0.000000 0.000000 1.000000
0.999858 -0.009769 -0.013744 0.000000 0.009624 0.999898 -0.010587 4.026600 0.013846 0.010454 0.999849 0.858500 0.000000 0.000000 0.000000 1.000000
0.999884 -0.008637 -0.012516 -0.000000 0.008524 0.999923 -0.009004 4.026600 0.012593 0.008896 0.999881 0.858500 0.000000 0.000000 0.000000 1.000000
0.999914 -0.008464 -0.010002 0.000000 0.008373 0.999923 -0.009156 4.026600 0.010079 0.009072 0.999908 0.858500 0.000000 0.000000 0.000000 1.000000
0.999949 -0.007742 -0.006558 0.000000 0.007693 0.999942 -0.007510 4.026600 0.006616 0.007459 0.999950 0.858500 0.000000 0.000000 0.000000 1.000000</float_array><technique_common><accessor source="#swat_Head-Matrix-animation-output-transform-array" count="20" stride="16"><param type="float4x4"/></accessor></technique_common></source><source id="swat_Head-Interpolations"><Name_array id="swat_Head-Interpolations-array" count="20">
 LINEAR LINEAR LINEAR LINEAR LINEAR LINEAR LINEAR LINEAR LINEAR LINEAR LINEAR
LINEAR LINEAR LINEAR LINEAR LINEAR LINEAR LINEAR LINEAR LINEAR</Name_array><technique_common><accessor source="#swat_Head-Interpolations-array" count="20"><param type="name"/></accessor></technique_common></source><sampler id="swat_Head-Matrix-animation-transform"><input semantic="INPUT" source="#swat_Head-Matrix-animation-input"/><input semantic="OUTPUT" source="#swat_Head-Matrix-animation-output-transform"/><input semantic="INTERPOLATION" source="#swat_Head-Interpolations"/></sampler><channel source="#swat_Head-Matrix-animation-transform" target="swat_Head/matrix"/></animation>
    <animation id="swat_LeftShoulder-anim" name="swat_LeftShoulder"><source id="swat_LeftShoulder-Matrix-animation-input"><float_array id="swat_LeftShoulder-Matrix-animation-input-array" count="20">

0.000000 0.033333 0.066667 0.100000 0.133333 0.166667 0.200000 0.233333 0.266667 0.300000 0.333333 0.366667 0.400000 0.433333 0.466667 0.500000
0.533333 0.566667 0.600000 0.633333</float_array><technique_common><accessor source="#swat_LeftShoulder-Matrix-animation-input-array" count="20"><param name="TIME" type="float"/></accessor></technique_common></source><source id="swat_LeftShoulder-Matrix-animation-output-transform"><float_array id="swat_LeftShoulder-Matrix-animation-output-transform-array" count="320">

0.957652 0.277861 -0.075478 6.144200 -0.279325 0.960151 -0.009375 10.187000 0.069866 0.030061 0.997103 -3.793200 0.000000 0.000000 0.000000 1.000000
0.960693 0.266311 -0.078404 6.144200 -0.267831 0.963420 -0.009358 10.187000 0.073043 0.029989 0.996878 -3.793200 0.000000 0.000000 0.000000 1.000000
0.962603 0.250874 -0.102262 6.144200 -0.253016 0.967426 -0.008333 10.187000 0.096840 0.033895 0.994723 -3.793200 0.000000 0.000000 0.000000 1.000000
0.962757 0.235029 -0.133644 6.144200 -0.238131 0.971204 -0.007487 10.187000 0.128036 0.039033 0.991001 -3.793200 0.000000 0.000000 0.000000 1.000000
0.961979 0.231564 -0.144828 6.144200 -0.235046 0.971958 -0.007169 10.187000 0.139107 0.040938 0.989431 -3.793200 0.000000 0.000000 0.000000 1.000000
0.958744 0.248713 -0.137666 6.144200 -0.251994 0.967706 -0.006656 10.187000 0.131565 0.041073 0.990456 -3.793200 0.000000 0.000000 0.000000 1.000000
0.951960 0.274395 -0.135938 6.144200 -0.277729 0.960642 -0.005822 10.187000 0.128990 0.043296 0.990700 -3.793200 0.000000 0.000000 0.000000 1.000000
0.946708 0.289403 -0.141383 6.144200 -0.292993 0.956102 -0.004812 10.187000 0.133784 0.045980 0.989943 -3.793200 0.000000 0.000000 0.000000 1.000000
0.948344 0.284192 -0.140989 6.144200 -0.287739 0.957696 -0.005007 10.187000 0.133601 0.045317 0.989999 -3.793200 0.000000 0.000000 0.000000 1.000000
0.954567 0.265617 -0.135089 6.144200 -0.268864 0.963159 -0.006047 10.187000 0.128506 0.042093 0.990815 -3.793200 0.000000 0.000000 0.000000 1.000000
0.956572 0.261468 -0.128856 6.144200 -0.264462 0.964375 -0.006389 10.187000 0.122595 0.040189 0.991643 -3.793200 0.000000 0.000000 0.000000 1.000000
0.954706 0.275217 -0.113101 6.144200 -0.277747 0.960629 -0.006937 10.187000 0.106739 0.038037 0.993559 -3.793200 0.000000 0.000000 0.000000 1.000000
0.959759 0.266931 -0.087235 6.144200 -0.268690 0.963186 -0.008872 10.187000 0.081656 0.031955 0.996148 -3.793200 0.000000 0.000000 0.000000 1.000000
0.969245 0.233549 -0.077577 6.144200 -0.234944 0.971965 -0.009234 10.187000 0.073246 0.027176 0.996944 -3.793200 0.000000 0.000000 0.000000 1.000000
0.971302 0.220468 -0.089256 6.144200 -0.222116 0.974980 -0.008852 10.187000 0.085072 0.028423 0.995969 -3.793200 0.000000 0.000000 0.000000 1.000000
0.963583 0.248839 -0.097909 6.144200 -0.250818 0.967999 -0.008254 10.187000 0.092722 0.032511 0.995161 -3.793200 0.000000 0.000000 0.000000 1.000000
0.949722 0.297260 -0.098307 6.144200 -0.299420 0.954091 -0.007661 10.187000 0.091516 0.036710 0.995127 -3.793200 0.000000 0.000000 0.000000 1.000000
0.942209 0.321350 -0.094741 6.144200 -0.323492 0.946199 -0.007763 10.187000 0.087149 0.037963 0.995472 -3.793200 0.000000 0.000000 0.000000 1.000000
0.949285 0.302762 -0.084816 6.144200 -0.304555 0.952455 -0.008754 10.187000 0.078133 0.034141 0.996358 -3.793200 0.000000 0.000000 0.000000 1.000000
0.957652 0.277861 -0.075478 6.144200 -0.279325 0.960151 -0.009375 10.187000 0.069866 0.030061 0.997103 -3.793200 0.000000 0.000000 0.000000 1.000000</float_array><technique_common><accessor source="#swat_LeftShoulder-Matrix-animation-output-transform-array" count="20" stride="16"><param type="float4x4"/></accessor></technique_common></source><source id="swat_LeftShoulder-Interpolations"><Name_array id="swat_LeftShoulder-Interpolations-array" count="20">
 LINEAR LINEAR LINEAR LINEAR LINEAR LINEAR LINEAR LINEAR LINEAR LINEAR LINEAR
LINEAR LINEAR LINEAR LINEAR LINEAR LINEAR LINEAR LINEAR LINEAR</Name_array><technique_common><accessor source="#swat_LeftShoulder-Interpolations-array" count="20"><param type="name"/></accessor></technique_common></source><sampler id="swat_LeftShoulder-Matrix-animation-transform"><input semantic="INPUT" source="#swat_LeftShoulder-Matrix-animation-input"/><input semantic="OUTPUT" source="#swat_LeftShoulder-Matrix-animation-output-transform"/><input semantic="INTERPOLATION" source="#swat_LeftShoulder-Interpolations"/></sampler><channel source="#swat_LeftShoulder-Matrix-animation-transform" target="swat_LeftShoulder/matrix"/></animation>
    <animation id="swat_LeftArm-anim" name="swat_LeftArm"><source id="swat_LeftArm-Matrix-animation-input"><float_array id="swat_LeftArm-Matrix-animation-input-array" count="20">

0.000000 0.033333 0.066667 0.100000 0.133333 0.166667 0.200000 0.233333 0.266667 0.300000 0.333333 0.366667 0.400000 0.433333 0.466667 0.500000
0.533333 0.566667 0.600000 0.633333</float_array><technique_common><accessor source="#swat_LeftArm-Matrix-animation-input-array" count="20"><param name="TIME" type="float"/></accessor></technique_common></source><source id="swat_LeftArm-Matrix-animation-output-transform"><float_array id="swat_LeftArm-Matrix-animation-output-transform-array" count="320">

0.285188 0.931976 0.223804 12.319100 -0.802183 0.359881 -0.476433 -1.113000 -0.524567 -0.043659 0.850249 -1.793500 0.000000 0.000000 0.000000 1.000000
0.354752 0.913265 0.200247 12.319100 -0.816721 0.406950 -0.409094 -1.113000 -0.455102 -0.018419 0.890249 -1.793500 0.000000 0.000000 0.000000 1.000000
0.443630 0.868106 0.222677 12.319100 -0.774962 0.496378 -0.391207 -1.113000 -0.450141 0.000985 0.892957 -1.793500 0.000000 0.000000 0.000000 1.000000
0.547863 0.784208 0.291315 12.319100 -0.704900 0.620270 -0.344065 -1.113000 -0.450513 -0.016848 0.892611 -1.793500 0.000000 0.000000 0.000000 1.000000
0.671220 0.659233 0.338934 12.319100 -0.631668 0.747958 -0.203847 -1.113000 -0.387891 -0.077268 0.918461 -1.793500 0.000000 0.000000 0.000000 1.000000
0.782896 0.539544 0.309784 12.319100 -0.559877 0.828123 -0.027387 -1.113000 -0.271316 -0.152000 0.950412 -1.793500 0.000000 0.000000 0.000000 1.000000
0.828543 0.495232 0.261269 12.319100 -0.526811 0.847562 0.064095 -1.113000 -0.189699 -0.190745 0.963136 -1.793500 0.000000 0.000000 0.000000 1.000000
0.817192 0.523003 0.242209 12.319100 -0.544269 0.838517 0.025703 -1.113000 -0.189654 -0.152831 0.969884 -1.793500 0.000000 0.000000 0.000000 1.000000
0.786447 0.583681 0.202033 12.319100 -0.576979 0.810982 -0.096972 -1.113000 -0.220446 -0.040306 0.974566 -1.793500 0.000000 0.000000 0.000000 1.000000
0.738495 0.663327 0.120922 12.319100 -0.629435 0.742521 -0.229074 -1.113000 -0.241738 0.093058 0.965869 -1.793500 0.000000 0.000000 0.000000 1.000000
0.671922 0.738336 0.058142 12.319100 -0.679655 0.645898 -0.347685 -1.113000 -0.294262 0.194101 0.935807 -1.793500 0.000000 0.000000 0.000000 1.000000
0.614516 0.786807 0.057483 12.319100 -0.676785 0.563221 -0.474073 -1.113000 -0.405379 0.252422 0.878607 -1.793500 0.000000 0.000000 0.000000 1.000000
0.559276 0.821200 0.113314 12.319100 -0.625515 0.507747 -0.592389 -1.113000 -0.544005 0.260429 0.797644 -1.793500 0.000000 0.000000 0.000000 1.000000
