<?xml version="1.0" encoding="utf-8"?>
<COLLADA xmlns="http://www.collada.org/2005/11/COLLADASchema" version="1.4.1">
  <asset><contributor><author>Mixamo</author><authoring_tool>COLLADA Mixamo exporter</authoring_tool><comments></comments></contributor><created>2018-06-07T18:46:50Z</created><modified>2018-06-07T18:46:50Z</modified><revision></revision><title></title><unit meter="0.010000"/><up_axis>Y_UP</up_axis></asset>
  <library_animations>
    <animation id="swat_Hips-anim" name="swat_Hips"><source id="swat_Hips-Matrix-animation-input"><float_array id="swat_Hips-Matrix-animation-input-array" count="136">

0.000000 0.033333 0.066667 0.100000 0.133333 0.166667 0.200000 0.233333 0.266667 0.300000 0.333333 0.366667 0.400000 0.433333 0.466667 0.500000
0.533333 0.566667 0.600000 0.633333 0.666667 0.700000 0.733333 0.766667 0.800000 0.833333 0.866667 0.900000 0.933333 0.966667 1.000000 1.033333
1.066667 1.100000 1.133333 1.166667 1.200000 1.233333 1.266667 1.300000 1.333333 1.366667 1.400000 1.433333 1.466667 1.500000 1.533333 1.566667
1.600000 1.633333 1.666667 1.700000 1.733333 1.766667 1.800000 1.833333 1.866667 1.900000 1.933333 1.966667 2.000000 2.033333 2.066667 2.100000
2.133333 2.166667 2.200000 2.233333 2.266667 2.300000 2.333333 2.366667 2.400000 2.433333 2.466667 2.500000 2.533333 2.566667 2.600000 2.633333
2.666667 2.700000 2.733333 2.766667 2.800000 2.833333 2.866667 2.900000 2.933333 2.966667 3.000000 3.033333 3.066667 3.100000 3.133333 3.166667
3.200000 3.233333 3.266667 3.300000 3.333333 3.366667 3.400000 3.433333 3.466667 3.500000 3.533333 3.566667 3.600000 3.633333 3.666667 3.700000
3.733333 3.766667 3.800000 3.833333 3.866667 3.900000 3.933333 3.966667 4.000000 4.033333 4.066667 4.100000 4.133333 4.166667 4.200000 4.233333
4.266667 4.300000 4.333333 4.366667 4.400000 4.433333 4.466667 4.500000</float_array><technique_common><accessor source="#swat_Hips-Matrix-animation-input-array" count="136"><param name="TIME" type="float"/></accessor></technique_common></source><source id="swat_Hips-Matrix-animation-output-transform"><float_array id="swat_Hips-Matrix-animation-output-transform-array" count="2176">

0.995085 0.065383 -0.074374 -1.160562 -0.089240 0.266501 -0.959695 68.435219 -0.042926 0.961615 0.271025 7.932929 0.000000 0.000000 0.000000 1.000000
0.994804 0.061294 -0.081293 -1.177485 -0.094664 0.262985 -0.960144 68.508919 -0.037473 0.962851 0.267421 7.742540 0.000000 0.000000 0.000000 1.000000
0.994522 0.057111 -0.087541 -1.200566 -0.099435 0.258803 -0.960798 68.596550 -0.032216 0.964240 0.263065 7.544951 0.000000 0.000000 0.000000 1.000000
0.994126 0.054153 -0.093704 -1.249401 -0.104469 0.253994 -0.961547 68.665993 -0.028271 0.965689 0.258159 7.360236 0.000000 0.000000 0.000000 1.000000
0.993483 0.051143 -0.101864 -1.271255 -0.111423 0.247448 -0.962473 68.730156 -0.024018 0.967550 0.251534 7.184536 0.000000 0.000000 0.000000 1.000000
0.992701 0.047277 -0.110947 -1.218466 -0.119094 0.239354 -0.963601 68.811684 -0.019001 0.969781 0.243237 7.028113 0.000000 0.000000 0.000000 1.000000
0.992056 0.042550 -0.118383 -1.097753 -0.125061 0.231955 -0.964654 68.875061 -0.013587 0.971795 0.235434 6.896744 0.000000 0.000000 0.000000 1.000000
0.991606 0.037358 -0.123779 -0.929539 -0.129045 0.226601 -0.965401 68.891342 -0.008017 0.973271 0.229520 6.820617 0.000000 0.000000 0.000000 1.000000
0.991247 0.032609 -0.127927 -0.758684 -0.131980 0.221699 -0.966142 68.877777 -0.003143 0.974570 0.224063 6.724816 0.000000 0.000000 0.000000 1.000000
0.991045 0.027768 -0.130612 -0.621379 -0.133523 0.217004 -0.966996 68.845787 0.001492 0.975776 0.218768 6.564048 0.000000 0.000000 0.000000 1.000000
0.991026 0.023192 -0.131638 -0.523999 -0.133547 0.213255 -0.967826 68.773178 0.005626 0.976721 0.214438 6.396276 0.000000 0.000000 0.000000 1.000000
0.990980 0.019346 -0.132606 -0.475633 -0.133704 0.209501 -0.968624 68.667664 0.009042 0.977617 0.210198 6.232842 0.000000 0.000000 0.000000 1.000000
0.990712 0.016440 -0.134982 -0.463679 -0.135474 0.204889 -0.969364 68.545555 0.011720 0.978647 0.205213 6.064788 0.000000 0.000000 0.000000 1.000000
0.990340 0.013655 -0.137988 -0.470853 -0.137943 0.198248 -0.970396 68.435440 0.014105 0.980057 0.198217 5.901549 0.000000 0.000000 0.000000 1.000000
0.989939 0.010100 -0.141134 -0.481542 -0.140458 0.190720 -0.971544 68.335449 0.017105 0.981593 0.190220 5.771110 0.000000 0.000000 0.000000 1.000000
0.989491 0.006040 -0.144470 -0.513757 -0.143115 0.183563 -0.972534 68.244606 0.020645 0.982989 0.182498 5.680980 0.000000 0.000000 0.000000 1.000000
0.989233 0.002341 -0.146333 -0.542418 -0.144468 0.175530 -0.973816 68.175255 0.023406 0.984471 0.173978 5.646978 0.000000 0.000000 0.000000 1.000000
0.989059 -0.001532 -0.147511 -0.576599 -0.145196 0.166660 -0.975265 68.142990 0.026078 0.986013 0.164614 5.612157 0.000000 0.000000 0.000000 1.000000
0.988610 -0.005242 -0.150408 -0.611083 -0.147702 0.158003 -0.976330 68.141357 0.028882 0.987425 0.155429 5.577148 0.000000 0.000000 0.000000 1.000000
0.987932 -0.008746 -0.154638 -0.625326 -0.151607 0.149719 -0.977036 68.158867 0.031697 0.988690 0.146586 5.571729 0.000000 0.000000 0.000000 1.000000
0.987320 -0.012260 -0.158267 -0.644753 -0.154950 0.142177 -0.977638 68.183128 0.034488 0.989765 0.138474 5.574776 0.000000 0.000000 0.000000 1.000000
0.986781 -0.015231 -0.161341 -0.670527 -0.157822 0.135817 -0.978083 68.195572 0.036810 0.990617 0.131618 5.590341 0.000000 0.000000 0.000000 1.000000
0.986338 -0.019302 -0.163599 -0.684235 -0.159723 0.131020 -0.978428 68.196953 0.040321 0.991192 0.126147 5.587660 0.000000 0.000000 0.000000 1.000000
0.985919 -0.025636 -0.165250 -0.671697 -0.160747 0.127107 -0.978777 68.188683 0.046097 0.991558 0.121196 5.700831 0.000000 0.000000 0.000000 1.000000
0.985429 -0.031049 -0.167229 -0.669635 -0.162233 0.123734 -0.978964 68.183952 0.051088 0.991830 0.116894 5.931902 0.000000 0.000000 0.000000 1.000000
0.985086 -0.035457 -0.168369 -0.688715 -0.162971 0.121606 -0.979108 68.204285 0.055191 0.991945 0.114014 6.149661 0.000000 0.000000 0.000000 1.000000
0.984912 -0.039891 -0.168396 -0.694284 -0.162593 0.119934 -0.979377 68.243599 0.059264 0.991980 0.111639 6.409605 0.000000 0.000000 0.000000 1.000000
0.984767 -0.043706 -0.168298 -0.685982 -0.162158 0.118529 -0.979620 68.281677 0.062764 0.991988 0.109636 6.706970 0.000000 0.000000 0.000000 1.000000
0.984773 -0.046976 -0.167380 -0.684347 -0.160915 0.118096 -0.979877 68.298470 0.065798 0.991890 0.108739 6.995363 0.000000 0.000000 0.000000 1.000000
0.985337 -0.048687 -0.163524 -0.673079 -0.156904 0.117893 -0.980552 68.300491 0.067018 0.991832 0.108525 7.293129 0.000000 0.000000 0.000000 1.000000
0.986383 -0.048637 -0.157111 -0.664349 -0.150574 0.117215 -0.981625 68.310837 0.066159 0.991915 0.108295 7.606922 0.000000 0.000000 0.000000 1.000000
0.987340 -0.048192 -0.151117 -0.664324 -0.144746 0.115857 -0.982663 68.345253 0.064864 0.992096 0.107414 7.927001 0.000000 0.000000 0.000000 1.000000
0.988005 -0.047393 -0.146968 -0.662528 -0.140787 0.114550 -0.983391 68.404602 0.063441 0.992286 0.106504 8.299004 0.000000 0.000000 0.000000 1.000000
0.988348 -0.046889 -0.144812 -0.645951 -0.138812 0.112692 -0.983886 68.433167 0.062453 0.992523 0.104870 8.662834 0.000000 0.000000 0.000000 1.000000
0.988578 -0.045673 -0.143622 -0.623129 -0.137901 0.110315 -0.984283 68.429321 0.060799 0.992847 0.102757 9.023897 0.000000 0.000000 0.000000 1.000000
0.988656 -0.044217 -0.143539 -0.593577 -0.138102 0.108093 -0.984502 68.392189 0.059047 0.993157 0.100761 9.385189 0.000000 0.000000 0.000000 1.000000
0.988402 -0.043102 -0.145615 -0.549672 -0.140406 0.105956 -0.984408 68.332909 0.057859 0.993436 0.098676 9.729881 0.000000 0.000000 0.000000 1.000000
0.987962 -0.042339 -0.148792 -0.480142 -0.143793 0.103391 -0.984192 68.268425 0.057054 0.993739 0.096058 10.064657 0.000000 0.000000 0.000000 1.000000
0.987519 -0.042252 -0.151729 -0.400578 -0.146885 0.100649 -0.984020 68.200409 0.056848 0.994024 0.093187 10.370558 0.000000 0.000000 0.000000 1.000000
0.987068 -0.041956 -0.154716 -0.323362 -0.149955 0.099494 -0.983674 68.112350 0.056664 0.994153 0.091916 10.648006 0.000000 0.000000 0.000000 1.000000
0.986613 -0.041644 -0.157671 -0.238694 -0.152877 0.100391 -0.983133 68.007660 0.056771 0.994076 0.092681 10.892231 0.000000 0.000000 0.000000 1.000000
0.986172 -0.041896 -0.160343 -0.131291 -0.155386 0.102658 -0.982505 67.916092 0.057624 0.993834 0.094728 11.102132 0.000000 0.000000 0.000000 1.000000
0.986121 -0.041181 -0.160837 -0.020686 -0.155781 0.105519 -0.982139 67.846275 0.057417 0.993564 0.097639 11.284177 0.000000 0.000000 0.000000 1.000000
0.986488 -0.039183 -0.159078 0.083116 -0.154052 0.108619 -0.982074 67.772034 0.055760 0.993311 0.101115 11.423580 0.000000 0.000000 0.000000 1.000000
0.986873 -0.036847 -0.157240 0.184629 -0.152267 0.112187 -0.981952 67.679062 0.053822 0.993004 0.105104 11.518482 0.000000 0.000000 0.000000 1.000000
0.987230 -0.034243 -0.155579 0.271430 -0.150663 0.116545 -0.981691 67.590973 0.051748 0.992595 0.109898 11.572832 0.000000 0.000000 0.000000 1.000000
0.987766 -0.030836 -0.152866 0.333185 -0.148153 0.120418 -0.981606 67.529594 0.048677 0.992244 0.114376 11.575583 0.000000 0.000000 0.000000 1.000000
0.988290 -0.027242 -0.150136 0.375839 -0.145677 0.124314 -0.981491 67.469032 0.045402 0.991869 0.118890 11.522749 0.000000 0.000000 0.000000 1.000000
0.988623 -0.024215 -0.148455 0.403277 -0.144135 0.129746 -0.981015 67.394714 0.043017 0.991252 0.124779 11.443461 0.000000 0.000000 0.000000 1.000000
0.988917 -0.021323 -0.146930 0.414534 -0.142700 0.136686 -0.980282 67.328621 0.040986 0.990385 0.132128 11.356462 0.000000 0.000000 0.000000 1.000000
0.989277 -0.018180 -0.144918 0.411531 -0.140812 0.144721 -0.979402 67.279625 0.038778 0.989305 0.140610 11.271873 0.000000 0.000000 0.000000 1.000000
0.989650 -0.015978 -0.142609 0.398371 -0.138497 0.153806 -0.978347 67.242851 0.037566 0.987972 0.150001 11.198043 0.000000 0.000000 0.000000 1.000000
0.990055 -0.015004 -0.139879 0.375600 -0.135578 0.163603 -0.977166 67.208191 0.037546 0.986412 0.159942 11.131089 0.000000 0.000000 0.000000 1.000000
0.990527 -0.013348 -0.136667 0.325163 -0.132271 0.174580 -0.975718 67.159523 0.036883 0.984552 0.171161 11.046297 0.000000 0.000000 0.000000 1.000000
0.990922 -0.011872 -0.133916 0.246649 -0.129374 0.186689 -0.973863 67.089218 0.036562 0.982347 0.183458 10.922501 0.000000 0.000000 0.000000 1.000000
0.991466 -0.011007 -0.129903 0.156145 -0.125091 0.200316 -0.971713 67.008110 0.036717 0.979669 0.197230 10.788768 0.000000 0.000000 0.000000 1.000000
0.992229 -0.009690 -0.124045 0.052337 -0.119101 0.214480 -0.969440 66.931908 0.035999 0.976680 0.211659 10.673675 0.000000 0.000000 0.000000 1.000000
0.992851 -0.008683 -0.119041 -0.061640 -0.113936 0.228198 -0.966925 66.873108 0.035561 0.973576 0.225578 10.568432 0.000000 0.000000 0.000000 1.000000
0.993317 -0.007920 -0.115144 -0.166325 -0.109850 0.241218 -0.964234 66.836807 0.035412 0.970439 0.238736 10.501240 0.000000 0.000000 0.000000 1.000000
0.993793 -0.006138 -0.111074 -0.256055 -0.105934 0.252560 -0.961765 66.818192 0.033956 0.967562 0.250342 10.489733 0.000000 0.000000 0.000000 1.000000
0.994085 -0.003810 -0.108536 -0.341675 -0.103754 0.261956 -0.959486 66.796082 0.032088 0.965072 0.260011 10.516697 0.000000 0.000000 0.000000 1.000000
0.994204 -0.002555 -0.107481 -0.410274 -0.102844 0.268760 -0.957701 66.780540 0.031333 0.963204 0.266939 10.574769 0.000000 0.000000 0.000000 1.000000
0.994272 -0.001975 -0.106863 -0.453723 -0.102305 0.271831 -0.956892 66.817238 0.030938 0.962343 0.270072 10.644596 0.000000 0.000000 0.000000 1.000000
0.994280 -0.001533 -0.106793 -0.484265 -0.102384 0.271000 -0.957119 66.917488 0.030408 0.962578 0.269293 10.722579 0.000000 0.000000 0.000000 1.000000
0.994149 -0.001927 -0.108004 -0.518014 -0.103576 0.266846 -0.958157 67.049049 0.030667 0.963737 0.265085 10.839365 0.000000 0.000000 0.000000 1.000000
0.993756 -0.002089 -0.111556 -0.562008 -0.107179 0.260015 -0.959638 67.161636 0.031010 0.965602 0.258168 10.737390 0.000000 0.000000 0.000000 1.000000
0.993358 -0.001089 -0.115063 -0.594009 -0.111040 0.253194 -0.961022 67.271111 0.030180 0.967415 0.251392 10.589604 0.000000 0.000000 0.000000 1.000000
0.993128 -0.000347 -0.117033 -0.620385 -0.113318 0.247099 -0.962341 67.398041 0.029252 0.968990 0.245362 10.435764 0.000000 0.000000 0.000000 1.000000
0.992914 0.000573 -0.118832 -0.632152 -0.115448 0.241642 -0.963473 67.527924 0.028163 0.970365 0.239996 10.218434 0.000000 0.000000 0.000000 1.000000
0.992392 0.000369 -0.123114 -0.652339 -0.119702 0.236708 -0.964179 67.649193 0.028786 0.971581 0.234951 9.971070 0.000000 0.000000 0.000000 1.000000
0.991718 -0.001504 -0.128425 -0.670788 -0.124535 0.233249 -0.964410 67.720673 0.031405 0.972416 0.231130 9.725532 0.000000 0.000000 0.000000 1.000000
0.991037 -0.003514 -0.133538 -0.693174 -0.129122 0.231018 -0.964343 67.734276 0.034238 0.972943 0.228493 9.476465 0.000000 0.000000 0.000000 1.000000
0.990449 -0.004350 -0.137813 -0.713771 -0.133150 0.229433 -0.964174 67.735374 0.035813 0.973315 0.226662 9.237492 0.000000 0.000000 0.000000 1.000000
0.990007 -0.004816 -0.140934 -0.754409 -0.136093 0.229147 -0.963831 67.735321 0.036936 0.973380 0.226202 9.003132 0.000000 0.000000 0.000000 1.000000
0.989553 -0.004747 -0.144091 -0.813006 -0.139180 0.229221 -0.963373 67.723030 0.037601 0.973363 0.226166 8.788351 0.000000 0.000000 0.000000 1.000000
0.988988 -0.003775 -0.147949 -0.902342 -0.143146 0.229451 -0.962736 67.699081 0.037581 0.973313 0.226384 8.566919 0.000000 0.000000 0.000000 1.000000
0.988544 -0.002821 -0.150904 -0.997486 -0.146289 0.228115 -0.962581 67.687317 0.037139 0.973630 0.225089 8.348942 0.000000 0.000000 0.000000 1.000000
0.988234 -0.001945 -0.152935 -1.105165 -0.148576 0.225126 -0.962935 67.706337 0.036303 0.974328 0.222189 8.124783 0.000000 0.000000 0.000000 1.000000
0.988003 -0.001631 -0.154425 -1.217378 -0.150324 0.218973 -0.964082 67.756378 0.035387 0.975729 0.216101 7.856866 0.000000 0.000000 0.000000 1.000000
0.987876 -0.002189 -0.155230 -1.255766 -0.151305 0.210265 -0.965865 67.783905 0.034753 0.977642 0.207385 7.574393 0.000000 0.000000 0.000000 1.000000
0.987662 -0.001779 -0.156589 -1.195575 -0.152954 0.203519 -0.967050 67.751900 0.033590 0.979069 0.200736 7.326838 0.000000 0.000000 0.000000 1.000000
0.987452 0.000078 -0.157921 -1.142953 -0.154771 0.199225 -0.967655 67.718452 0.031386 0.979954 0.196737 7.064302 0.000000 0.000000 0.000000 1.000000
0.987367 0.002536 -0.158428 -1.143126 -0.155832 0.196491 -0.968043 67.729836 0.028675 0.980502 0.194404 6.786839 0.000000 0.000000 0.000000 1.000000
0.987447 0.004803 -0.157875 -1.200825 -0.155767 0.195160 -0.968323 67.778633 0.026160 0.980760 0.193458 6.520695 0.000000 0.000000 0.000000 1.000000
0.987505 0.006364 -0.157456 -1.303546 -0.155662 0.195017 -0.968369 67.825760 0.024543 0.980779 0.193571 6.282268 0.000000 0.000000 0.000000 1.000000
0.987453 0.006060 -0.157796 -1.415489 -0.155920 0.195644 -0.968201 67.861526 0.025004 0.980656 0.194134 6.076362 0.000000 0.000000 0.000000 1.000000
0.987446 0.004710 -0.157888 -1.519814 -0.155729 0.196344 -0.968090 67.921623 0.026440 0.980524 0.194613 5.897421 0.000000 0.000000 0.000000 1.000000
0.987523 0.002551 -0.157455 -1.598850 -0.154873 0.196768 -0.968141 68.008438 0.028512 0.980447 0.194708 5.746546 0.000000 0.000000 0.000000 1.000000
0.987776 0.000330 -0.155880 -1.639760 -0.152898 0.196719 -0.968465 68.105103 0.030345 0.980460 0.194365 5.624794 0.000000 0.000000 0.000000 1.000000
0.988311 -0.001041 -0.152446 -1.659541 -0.149290 0.195915 -0.969190 68.216812 0.030875 0.980620 0.193469 5.529774 0.000000 0.000000 0.000000 1.000000
0.988921 -0.001573 -0.148434 -1.659618 -0.145312 0.193985 -0.970183 68.351646 0.030320 0.981003 0.191607 5.436821 0.000000 0.000000 0.000000 1.000000
0.989410 -0.001661 -0.145139 -1.647636 -0.142151 0.191078 -0.971227 68.488220 0.029346 0.981574 0.188818 5.406482 0.000000 0.000000 0.000000 1.000000
0.989773 -0.001259 -0.142647 -1.629386 -0.139916 0.186355 -0.972469 68.604897 0.027807 0.982482 0.184273 5.612247 0.000000 0.000000 0.000000 1.000000
0.990122 -0.000318 -0.140205 -1.592148 -0.137812 0.181775 -0.973635 68.705193 0.025795 0.983340 0.179935 5.862705 0.000000 0.000000 0.000000 1.000000
0.990338 0.000990 -0.138672 -1.525795 -0.136656 0.177005 -0.974676 68.816139 0.023581 0.984209 0.175431 6.138962 0.000000 0.000000 0.000000 1.000000
0.990471 0.002619 -0.137695 -1.442060 -0.136090 0.171974 -0.975656 68.932709 0.021125 0.985098 0.170691 6.426979 0.000000 0.000000 0.000000 1.000000
0.990650 0.004593 -0.136347 -1.349617 -0.135185 0.167464 -0.976566 69.031525 0.018348 0.985868 0.166519 6.714010 0.000000 0.000000 0.000000 1.000000
0.990724 0.006991 -0.135713 -1.248722 -0.135024 0.163401 -0.977276 69.125237 0.015344 0.986535 0.162829 7.012490 0.000000 0.000000 0.000000 1.000000
0.990515 0.009413 -0.137084 -1.149150 -0.136819 0.159736 -0.977632 69.210892 0.012695 0.987115 0.159509 7.296106 0.000000 0.000000 0.000000 1.000000
0.990121 0.012194 -0.139685 -1.054555 -0.139846 0.158146 -0.977462 69.237122 0.010172 0.987340 0.158289 7.547821 0.000000 0.000000 0.000000 1.000000
0.989789 0.015066 -0.141741 -0.964131 -0.142327 0.158772 -0.977003 69.198959 0.007785 0.987200 0.159296 7.782282 0.000000 0.000000 0.000000 1.000000
0.989712 0.017652 -0.141980 -0.886921 -0.142972 0.159311 -0.976821 69.163521 0.005377 0.987071 0.160196 8.001420 0.000000 0.000000 0.000000 1.000000
0.989810 0.021317 -0.140792 -0.812947 -0.142390 0.158112 -0.977101 69.160141 0.001432 0.987191 0.159536 8.228059 0.000000 0.000000 0.000000 1.000000
0.989984 0.024433 -0.139048 -0.715850 -0.141164 0.157409 -0.977392 69.111809 -0.001994 0.987231 0.159281 8.481814 0.000000 0.000000 0.000000 1.000000
0.990230 0.025722 -0.137050 -0.604987 -0.139402 0.158818 -0.977417 68.962311 -0.003375 0.986973 0.160852 8.732800 0.000000 0.000000 0.000000 1.000000
0.990586 0.027410 -0.134116 -0.507618 -0.136789 0.160730 -0.977474 68.790001 -0.005236 0.986618 0.162966 8.964403 0.000000 0.000000 0.000000 1.000000
0.991180 0.030256 -0.129021 -0.412389 -0.132247 0.163174 -0.977694 68.654121 -0.008528 0.986133 0.165736 9.199587 0.000000 0.000000 0.000000 1.000000
0.991742 0.033054 -0.123920 -0.299144 -0.127718 0.166436 -0.977746 68.520256 -0.011694 0.985498 0.169283 9.432070 0.000000 0.000000 0.000000 1.000000
0.992086 0.035777 -0.120354 -0.193624 -0.124730 0.170870 -0.977367 68.370827 -0.014402 0.984644 0.173980 9.625078 0.000000 0.000000 0.000000 1.000000
0.992407 0.037829 -0.117036 -0.099124 -0.121893 0.175282 -0.976943 68.228577 -0.016443 0.983791 0.178562 9.783444 0.000000 0.000000 0.000000 1.000000
0.992677 0.039383 -0.114200 -0.008809 -0.119451 0.179093 -0.976554 68.104225 -0.018007 0.983043 0.182486 9.916622 0.000000 0.000000 0.000000 1.000000
0.992869 0.040917 -0.111964 0.072860 -0.117592 0.182106 -0.976222 67.990837 -0.019555 0.982427 0.185619 10.020039 0.000000 0.000000 0.000000 1.000000
0.993029 0.042520 -0.109935 0.130812 -0.115955 0.184904 -0.975892 67.882408 -0.021168 0.981836 0.188545 10.086611 0.000000 0.000000 0.000000 1.000000
0.993268 0.044656 -0.106881 0.171556 -0.113397 0.186531 -0.975883 67.790222 -0.023642 0.981434 0.190339 10.119059 0.000000 0.000000 0.000000 1.000000
0.993506 0.046360 -0.103905 0.197294 -0.110827 0.187636 -0.975966 67.715630 -0.025749 0.981144 0.191556 10.085094 0.000000 0.000000 0.000000 1.000000
0.993654 0.048196 -0.101634 0.202292 -0.109024 0.190330 -0.975648 67.647850 -0.027678 0.980536 0.194376 9.992741 0.000000 0.000000 0.000000 1.000000
0.993801 0.050485 -0.099054 0.194394 -0.107054 0.194136 -0.975116 67.593918 -0.029999 0.979675 0.198337 9.879605 0.000000 0.000000 0.000000 1.000000
0.994007 0.052240 -0.096031 0.190945 -0.104590 0.198821 -0.974439 67.568001 -0.031812 0.978643 0.203093 9.774285 0.000000 0.000000 0.000000 1.000000
0.994282 0.052878 -0.092778 0.178256 -0.101716 0.204372 -0.973594 67.563606 -0.032521 0.977464 0.208582 9.662432 0.000000 0.000000 0.000000 1.000000
0.994625 0.052782 -0.089081 0.138891 -0.098268 0.210065 -0.972736 67.567139 -0.032630 0.976262 0.214123 9.495306 0.000000 0.000000 0.000000 1.000000
0.995016 0.053647 -0.084051 0.072479 -0.093751 0.216224 -0.971832 67.577805 -0.033962 0.974869 0.220176 9.259229 0.000000 0.000000 0.000000 1.000000
0.995310 0.055334 -0.079347 -0.019571 -0.089808 0.223740 -0.970502 67.567726 -0.035949 0.973077 0.227660 8.972872 0.000000 0.000000 0.000000 1.000000
0.995542 0.057006 -0.075147 -0.133498 -0.086480 0.233584 -0.968483 67.528214 -0.037657 0.970664 0.237473 8.676366 0.000000 0.000000 0.000000 1.000000
0.995850 0.059797 -0.068613 -0.255612 -0.081282 0.245153 -0.966071 67.482086 -0.040948 0.967639 0.248996 8.435539 0.000000 0.000000 0.000000 1.000000
0.996137 0.063590 -0.060565 -0.375244 -0.074967 0.256590 -0.963609 67.442513 -0.045736 0.964426 0.260366 8.258005 0.000000 0.000000 0.000000 1.000000
0.996334 0.067056 -0.053114 -0.491616 -0.069161 0.266055 -0.961473 67.436310 -0.050341 0.961623 0.269718 8.108827 0.000000 0.000000 0.000000 1.000000
0.996452 0.069605 -0.047316 -0.595690 -0.064640 0.272870 -0.959877 67.461090 -0.053901 0.959530 0.276401 7.985989 0.000000 0.000000 0.000000 1.000000
0.996571 0.070354 -0.043545 -0.679631 -0.061515 0.278060 -0.958592 67.502930 -0.055332 0.957984 0.281435 7.909858 0.000000 0.000000 0.000000 1.000000
0.996553 0.071447 -0.042154 -0.756312 -0.060738 0.282314 -0.957397 67.589317 -0.056503 0.956658 0.285680 7.881120 0.000000 0.000000 0.000000 1.000000
0.996299 0.073928 -0.043855 -0.829828 -0.063201 0.284217 -0.956675 67.729500 -0.058261 0.955905 0.287837 7.898602 0.000000 0.000000 0.000000 1.000000
0.996039 0.075353 -0.047196 -0.893909 -0.066812 0.284078 -0.956471 67.854774 -0.058666 0.955836 0.287987 7.924894 0.000000 0.000000 0.000000 1.000000
0.995856 0.075491 -0.050723 -0.956194 -0.070173 0.282980 -0.956555 67.939377 -0.057858 0.956150 0.287105 7.944631 0.000000 0.000000 0.000000 1.000000
0.995705 0.074972 -0.054318 -1.016654 -0.073305 0.280079 -0.957174 68.038628 -0.056548 0.957045 0.284372 7.957445 0.000000 0.000000 0.000000 1.000000
0.995560 0.073622 -0.058645 -1.072958 -0.076830 0.275687 -0.958172 68.171364 -0.054375 0.958424 0.280119 7.962538 0.000000 0.000000 0.000000 1.000000
0.995416 0.070951 -0.064128 -1.119909 -0.081127 0.271355 -0.959054 68.295662 -0.050644 0.959861 0.275867 7.956480 0.000000 0.000000 0.000000 1.000000
0.995217 0.067307 -0.070797 -1.150375 -0.086383 0.267972 -0.959546 68.392670 -0.045613 0.961073 0.272504 7.944381 0.000000 0.000000 0.000000 1.000000</float_array><technique_common><accessor source="#swat_Hips-Matrix-animation-output-transform-array" count="136" stride="16"><param type="float4x4"/></accessor></technique_common></source><source id="swat_Hips-Interpolations"><Name_array id="swat_Hips-Interpolations-array" count="136">
 LINEAR LINEAR LINEAR LINEAR LINEAR LINEAR LINEAR LINEAR LINEAR LINEAR LINEAR
LINEAR LINEAR LINEAR LINEAR LINEAR LINEAR LINEAR LINEAR LINEAR LINEAR LINEAR LINEAR
LINEAR LINEAR LINEAR LINEAR LINEAR LINEAR LINEAR LINEAR LINEAR LINEAR LINEAR LINEAR
LINEAR LINEAR LINEAR LINEAR LINEAR LINEAR LINEAR LINEAR LINEAR LINEAR LINEAR LINEAR
LINEAR LINEAR LINEAR LINEAR LINEAR LINEAR LINEAR LINEAR LINEAR LINEAR LINEAR LINEAR
LINEAR LINEAR LINEAR LINEAR LINEAR LINEAR LINEAR LINEAR LINEAR LINEAR LINEAR LINEAR
LINEAR LINEAR LINEAR LINEAR LINEAR LINEAR LINEAR LINEAR LINEAR LINEAR LINEAR LINEAR
LINEAR LINEAR LINEAR LINEAR LINEAR LINEAR LINEAR LINEAR LINEAR LINEAR LINEAR LINEAR
LINEAR LINEAR LINEAR LINEAR LINEAR LINEAR LINEAR LINEAR LINEAR LINEAR LINEAR LINEAR
LINEAR LINEAR LINEAR LINEAR LINEAR LINEAR LINEAR LINEAR LINEAR LINEAR LINEAR LINEAR
LINEAR LINEAR LINEAR LINEAR LINEAR LINEAR LINEAR LINEAR LINEAR LINEAR LINEAR LINEAR
LINEAR LINEAR LINEAR LINEAR LINEAR</Name_array><technique_common><accessor source="#swat_Hips-Interpolations-array" count="136"><param type="name"/></accessor></technique_common></source><sampler id="swat_Hips-Matrix-animation-transform"><input semantic="INPUT" source="#swat_Hips-Matrix-animation-input"/><input semantic="OUTPUT" source="#swat_Hips-Matrix-animation-output-transform"/><input semantic="INTERPOLATION" source="#swat_Hips-Interpolations"/></sampler><channel source="#swat_Hips-Matrix-animation-transform" target="swat_Hips/matrix"/></animation>
    <animation id="swat_Spine-anim" name="swat_Spine"><source id="swat_Spine-Matrix-animation-input"><float_array id="swat_Spine-Matrix-animation-input-array" count="136">

0.000000 0.033333 0.066667 0.100000 0.133333 0.166667 0.200000 0.233333 0.266667 0.300000 0.333333 0.366667 0.400000 0.433333 0.466667 0.500000
0.533333 0.566667 0.600000 0.633333 0.666667 0.700000 0.733333 0.766667 0.800000 0.833333 0.866667 0.900000 0.933333 0.966667 1.000000 1.033333
1.066667 1.100000 1.133333 1.166667 1.200000 1.233333 1.266667 1.300000 1.333333 1.366667 1.400000 1.433333 1.466667 1.500000 1.533333 1.566667
1.600000 1.633333 1.666667 1.700000 1.733333 1.766667 1.800000 1.833333 1.866667 1.900000 1.933333 1.966667 2.000000 2.033333 2.066667 2.100000
2.133333 2.166667 2.200000 2.233333 2.266667 2.300000 2.333333 2.366667 2.400000 2.433333 2.466667 2.500000 2.533333 2.566667 2.600000 2.633333
2.666667 2.700000 2.733333 2.766667 2.800000 2.833333 2.866667 2.900000 2.933333 2.966667 3.000000 3.033333 3.066667 3.100000 3.133333 3.166667
3.200000 3.233333 3.266667 3.300000 3.333333 3.366667 3.400000 3.433333 3.466667 3.500000 3.533333 3.566667 3.600000 3.633333 3.666667 3.700000
3.733333 3.766667 3.800000 3.833333 3.866667 3.900000 3.933333 3.966667 4.000000 4.033333 4.066667 4.100000 4.133333 4.166667 4.200000 4.233333
4.266667 4.300000 4.333333 4.366667 4.400000 4.433333 4.466667 4.500000</float_array><technique_common><accessor source="#swat_Spine-Matrix-animation-input-array" count="136"><param name="TIME" type="float"/></accessor></technique_common></source><source id="swat_Spine-Matrix-animation-output-transform"><float_array id="swat_Spine-Matrix-animation-output-transform-array" count="2176">

0.982324 0.090832 0.163677 0.000000 -0.074821 0.992021 -0.101475 9.226300 -0.171588 0.087435 0.981281 1.577100 0.000000 0.000000 0.000000 1.000000
0.981773 0.095212 0.164488 0.000000 -0.079483 0.991837 -0.099704 9.226300 -0.172639 0.084813 0.981327 1.577100 0.000000 0.000000 0.000000 1.000000
0.981260 0.099644 0.164927 0.000000 -0.084349 0.991675 -0.097292 9.226300 -0.173249 0.081558 0.981495 1.577100 0.000000 0.000000 0.000000 1.000000
0.980769 0.103264 0.165614 0.000000 -0.088432 0.991582 -0.094578 9.226300 -0.173987 0.078113 0.981645 1.577100 0.000000 0.000000 0.000000 1.000000
0.979863 0.108162 0.167838 -0.000000 -0.093912 0.991444 -0.090659 9.226300 -0.176208 0.073072 0.981637 1.577100 0.000000 0.000000 0.000000 1.000000
0.978887 0.113633 0.169908 -0.000000 -0.100281 0.991302 -0.085230 9.226300 -0.178115 0.066392 0.981767 1.577100 0.000000 0.000000 0.000000 1.000000
0.977999 0.119402 0.171060 0.000000 -0.107237 0.991113 -0.078705 9.226300 -0.178938 0.058629 0.982112 1.577100 0.000000 0.000000 0.000000 1.000000
0.976948 0.125761 0.172500 0.000000 -0.115124 0.990855 -0.070379 9.226300 -0.179773 0.048897 0.982492 1.577100 0.000000 0.000000 0.000000 1.000000
0.976069 0.131134 0.173474 -0.000000 -0.121939 0.990556 -0.062692 9.226300 -0.180056 0.040038 0.982841 1.577100 0.000000 0.000000 0.000000 1.000000
0.975508 0.135037 0.173636 0.000000 -0.127229 0.990325 -0.055394 9.226300 -0.179436 0.031946 0.983251 1.577100 0.000000 0.000000 0.000000 1.000000
0.975244 0.137151 0.173462 0.000000 -0.130813 0.990268 -0.047515 9.226300 -0.178290 0.023648 0.983694 1.577100 0.000000 0.000000 0.000000 1.000000
0.975265 0.136494 0.173862 0.000000 -0.131699 0.990527 -0.038880 9.226300 -0.177522 0.015020 0.984002 1.577100 0.000000 0.000000 0.000000 1.000000
0.975300 0.133652 0.175863 0.000000 -0.130608 0.991015 -0.028825 9.226300 -0.178135 0.005143 0.983993 1.577100 0.000000 0.000000 0.000000 1.000000
0.975226 0.130245 0.178803 0.000000 -0.129148 0.991465 -0.017813 9.226300 -0.179597 -0.005720 0.983724 1.577100 0.000000 0.000000 0.000000 1.000000
0.975057 0.127787 0.181476 0.000000 -0.128607 0.991669 -0.007289 9.226300 -0.180895 -0.016232 0.983368 1.577100 0.000000 0.000000 0.000000 1.000000
0.974815 0.126936 0.183368 0.000000 -0.129671 0.991553 0.002956 9.226300 -0.181444 -0.026659 0.983040 1.577100 0.000000 0.000000 0.000000 1.000000
0.974769 0.125538 0.184568 -0.000000 -0.130304 0.991377 0.013872 9.226300 -0.181235 -0.037572 0.982722 1.577100 0.000000 0.000000 0.000000 1.000000
0.974916 0.122908 0.185561 0.000000 -0.129633 0.991259 0.024506 9.226300 -0.180927 -0.047946 0.982327 1.577100 0.000000 0.000000 0.000000 1.000000
0.975179 0.118475 0.187055 -0.000000 -0.127056 0.991294 0.034530 9.226300 -0.181335 -0.057440 0.981742 1.577100 0.000000 0.000000 0.000000 1.000000
0.975502 0.113897 0.188210 0.000000 -0.124312 0.991247 0.044456 9.226300 -0.181500 -0.066764 0.981122 1.577100 0.000000 0.000000 0.000000 1.000000
0.975834 0.110499 0.188517 0.000000 -0.122658 0.990975 0.054066 9.226300 -0.180841 -0.075883 0.980581 1.577100 0.000000 0.000000 0.000000 1.000000
0.976103 0.107217 0.189019 0.000000 -0.121161 0.990580 0.063799 9.226300 -0.180398 -0.085177 0.979899 1.577100 0.000000 0.000000 0.000000 1.000000
0.976275 0.104686 0.189547 0.000000 -0.120351 0.990038 0.073082 9.226300 -0.180008 -0.094160 0.979148 1.577100 0.000000 0.000000 0.000000 1.000000
0.976266 0.104154 0.189884 -0.000000 -0.121587 0.989141 0.082568 9.226300 -0.179222 -0.103696 0.978328 1.577100 0.000000 0.000000 0.000000 1.000000
0.976261 0.102759 0.190669 0.000000 -0.122087 0.988197 0.092531 9.226300 -0.178910 -0.113613 0.977284 1.577100 0.000000 0.000000 0.000000 1.000000
0.976339 0.100915 0.191253 -0.000000 -0.121838 0.987400 0.100976 9.226300 -0.178654 -0.121889 0.976333 1.577100 0.000000 0.000000 0.000000 1.000000
0.976502 0.098948 0.191452 -0.000000 -0.121306 0.986634 0.108803 9.226300 -0.178127 -0.129471 0.975453 1.577100 0.000000 0.000000 0.000000 1.000000
0.976550 0.095929 0.192735 0.000000 -0.119962 0.985843 0.117141 9.226300 -0.178770 -0.137515 0.974234 1.577100 0.000000 0.000000 0.000000 1.000000
0.976515 0.093193 0.194252 0.000000 -0.118618 0.985212 0.123639 9.226300 -0.179857 -0.143777 0.973129 1.577100 0.000000 0.000000 0.000000 1.000000
0.976703 0.090343 0.194652 0.000000 -0.116634 0.984875 0.128129 9.226300 -0.180132 -0.147847 0.972468 1.577100 0.000000 0.000000 0.000000 1.000000
0.976842 0.088069 0.194997 -0.000000 -0.115141 0.984519 0.132152 9.226300 -0.180340 -0.151544 0.971860 1.577100 0.000000 0.000000 0.000000 1.000000
0.976814 0.086585 0.195800 0.000000 -0.114393 0.984154 0.135484 9.226300 -0.180967 -0.154741 0.971240 1.577100 0.000000 0.000000 0.000000 1.000000
0.976838 0.085651 0.196088 0.000000 -0.113211 0.984500 0.133949 9.226300 -0.181576 -0.153046 0.971394 1.577100 0.000000 0.000000 0.000000 1.000000
0.976888 0.085003 0.196124 0.000000 -0.112154 0.984917 0.131756 9.226300 -0.181966 -0.150707 0.971687 1.577100 0.000000 0.000000 0.000000 1.000000
0.976843 0.084944 0.196374 0.000000 -0.111623 0.985337 0.129037 9.226300 -0.182534 -0.147969 0.972001 1.577100 0.000000 0.000000 0.000000 1.000000
0.976687 0.085571 0.196874 -0.000000 -0.111740 0.985731 0.125893 9.226300 -0.183291 -0.144957 0.972313 1.577100 0.000000 0.000000 0.000000 1.000000
0.976432 0.086858 0.197575 -0.000000 -0.112596 0.985999 0.122993 9.226300 -0.184126 -0.142341 0.972541 1.577100 0.000000 0.000000 0.000000 1.000000
0.976143 0.088966 0.198067 0.000000 -0.114332 0.986102 0.120541 9.226300 -0.184590 -0.140311 0.972748 1.577100 0.000000 0.000000 0.000000 1.000000
0.975620 0.092765 0.198897 -0.000000 -0.117807 0.986001 0.117995 9.226300 -0.185167 -0.138549 0.972891 1.577100 0.000000 0.000000 0.000000 1.000000
0.974914 0.097442 0.200117 0.000000 -0.122086 0.985867 0.114722 9.226300 -0.186110 -0.136276 0.973032 1.577100 0.000000 0.000000 0.000000 1.000000
0.974089 0.101822 0.201946 0.000000 -0.125860 0.985934 0.109973 9.226300 -0.187907 -0.132540 0.973203 1.577100 0.000000 0.000000 0.000000 1.000000
0.973219 0.105850 0.204058 0.000000 -0.129162 0.986102 0.104501 9.226300 -0.190161 -0.128059 0.973365 1.577100 0.000000 0.000000 0.000000 1.000000
0.972655 0.108760 0.205216 0.000000 -0.131199 0.986393 0.099072 9.226300 -0.191649 -0.123287 0.973689 1.577100 0.000000 0.000000 0.000000 1.000000
0.972358 0.110653 0.205610 0.000000 -0.132153 0.986770 0.093921 9.226300 -0.192498 -0.118497 0.974117 1.577100 0.000000 0.000000 0.000000 1.000000
0.972167 0.111964 0.205806 0.000000 -0.132237 0.987348 0.087504 9.226300 -0.193405 -0.112283 0.974673 1.577100 0.000000 0.000000 0.000000 1.000000
0.972146 0.112826 0.205432 0.000000 -0.131384 0.988178 0.079016 9.226300 -0.194088 -0.103805 0.975476 1.577100 0.000000 0.000000 0.000000 1.000000
0.972377 0.112867 0.204313 0.000000 -0.129613 0.989056 0.070482 9.226300 -0.194122 -0.095017 0.976365 1.577100 0.000000 0.000000 0.000000 1.000000
0.972603 0.112712 0.203321 0.000000 -0.127818 0.989813 0.062720 9.226300 -0.194180 -0.086989 0.977101 1.577100 0.000000 0.000000 0.000000 1.000000
0.972693 0.113828 0.202267 0.000000 -0.127242 0.990370 0.054560 9.226300 -0.194109 -0.078807 0.977809 1.577100 0.000000 0.000000 0.000000 1.000000
0.972729 0.116254 0.200708 0.000000 -0.127678 0.990799 0.044897 9.226300 -0.193641 -0.069298 0.978622 1.577100 0.000000 0.000000 0.000000 1.000000
0.972848 0.118355 0.198892 -0.000000 -0.127626 0.991225 0.034412 9.226300 -0.193074 -0.058862 0.979417 1.577100 0.000000 0.000000 0.000000 1.000000
0.972987 0.121150 0.196516 -0.000000 -0.128370 0.991427 0.024382 9.226300 -0.191877 -0.048950 0.980197 1.577100 0.000000 0.000000 0.000000 1.000000
0.972951 0.125476 0.193965 0.000000 -0.130829 0.991292 0.014986 9.226300 -0.190396 -0.039957 0.980894 1.577100 0.000000 0.000000 0.000000 1.000000
0.972968 0.129343 0.191323 0.000000 -0.132684 0.991147 0.004703 9.226300 -0.189021 -0.029962 0.981516 1.577100 0.000000 0.000000 0.000000 1.000000
0.972537 0.135009 0.189590 0.000000 -0.136447 0.990632 -0.005512 9.226300 -0.188558 -0.020508 0.981848 1.577100 0.000000 0.000000 0.000000 1.000000
0.971664 0.143127 0.188105 0.000000 -0.142653 0.989641 -0.016124 9.226300 -0.188464 -0.011166 0.982017 1.577100 0.000000 0.000000 0.000000 1.000000
0.970942 0.151000 0.185664 -0.000000 -0.148572 0.988533 -0.027003 9.226300 -0.187613 -0.001366 0.982242 1.577100 0.000000 0.000000 0.000000 1.000000
0.970202 0.158427 0.183325 0.000000 -0.154373 0.987347 -0.036270 9.226300 -0.186752 0.006889 0.982383 1.577100 0.000000 0.000000 0.000000 1.000000
0.969611 0.163805 0.181721 0.000000 -0.158380 0.986394 -0.044076 9.226300 -0.186468 0.013956 0.982362 1.577100 0.000000 0.000000 0.000000 1.000000
0.969754 0.164553 0.180273 -0.000000 -0.158149 0.986177 -0.049443 9.226300 -0.185917 0.019438 0.982373 1.577100 0.000000 0.000000 0.000000 1.000000
0.970179 0.163233 0.179185 -0.000000 -0.156323 0.986329 -0.052126 9.226300 -0.185244 0.022560 0.982433 1.577100 0.000000 0.000000 0.000000 1.000000
0.970579 0.161981 0.178154 0.000000 -0.154821 0.986494 -0.053478 9.226300 -0.184410 0.024323 0.982548 1.577100 0.000000 0.000000 0.000000 1.000000
0.971321 0.159310 0.176512 0.000000 -0.152189 0.986915 -0.053258 9.226300 -0.182687 0.024867 0.982857 1.577100 0.000000 0.000000 0.000000 1.000000
0.972427 0.155316 0.173963 0.000000 -0.148422 0.987554 -0.052043 9.226300 -0.179881 0.024788 0.983376 1.577100 0.000000 0.000000 0.000000 1.000000
0.973366 0.151372 0.172176 0.000000 -0.144846 0.988194 -0.049932 9.226300 -0.177701 0.023663 0.983800 1.577100 0.000000 0.000000 0.000000 1.000000
0.973911 0.147249 0.172668 -0.000000 -0.141147 0.988864 -0.047174 9.226300 -0.177691 0.021571 0.983850 1.577100 0.000000 0.000000 0.000000 1.000000
0.974562 0.140824 0.174350 0.000000 -0.135052 0.989834 -0.044602 9.226300 -0.178859 0.019921 0.983673 1.577100 0.000000 0.000000 0.000000 1.000000
0.974782 0.136476 0.176563 0.000000 -0.131277 0.990504 -0.040856 9.226300 -0.180462 0.016647 0.983441 1.577100 0.000000 0.000000 0.000000 1.000000
0.974995 0.133045 0.177997 0.000000 -0.128693 0.991037 -0.035827 9.226300 -0.181168 0.012024 0.983379 1.577100 0.000000 0.000000 0.000000 1.000000
0.975274 0.129778 0.178881 0.000000 -0.126561 0.991525 -0.029329 9.226300 -0.181171 0.005965 0.983433 1.577100 0.000000 0.000000 0.000000 1.000000
0.975391 0.129307 0.178586 0.000000 -0.127134 0.991605 -0.023607 9.226300 -0.180139 0.000322 0.983641 1.577100 0.000000 0.000000 0.000000 1.000000
0.975443 0.129837 0.177916 0.000000 -0.128619 0.991523 -0.018417 9.226300 -0.178799 -0.004919 0.983873 1.577100 0.000000 0.000000 0.000000 1.000000
0.975773 0.127167 0.178034 0.000000 -0.126962 0.991828 -0.012596 9.226300 -0.178181 -0.010313 0.983944 1.577100 0.000000 0.000000 0.000000 1.000000
0.976159 0.122712 0.179040 0.000000 -0.123477 0.992323 -0.006903 9.226300 -0.178513 -0.015369 0.983818 1.577100 0.000000 0.000000 0.000000 1.000000
0.976251 0.118739 0.181203 0.000000 -0.120551 0.992707 -0.001024 9.226300 -0.180003 -0.020844 0.983445 1.577100 0.000000 0.000000 0.000000 1.000000
0.976175 0.115620 0.183614 0.000000 -0.118551 0.992935 0.005031 9.226300 -0.181735 -0.026679 0.982986 1.577100 0.000000 0.000000 0.000000 1.000000
0.976140 0.113572 0.185072 0.000000 -0.117812 0.992963 0.012041 9.226300 -0.182402 -0.033558 0.982651 1.577100 0.000000 0.000000 0.000000 1.000000
0.976049 0.111787 0.186631 -0.000000 -0.117313 0.992917 0.018796 9.226300 -0.183208 -0.040240 0.982250 1.577100 0.000000 0.000000 0.000000 1.000000
0.976041 0.109426 0.188069 -0.000000 -0.116332 0.992869 0.026051 9.226300 -0.183878 -0.047305 0.981810 1.577100 0.000000 0.000000 0.000000 1.000000
0.976375 0.105244 0.188722 -0.000000 -0.113688 0.992919 0.034462 9.226300 -0.183758 -0.055104 0.981426 1.577100 0.000000 0.000000 0.000000 1.000000
0.976737 0.099263 0.190084 -0.000000 -0.108891 0.993213 0.040869 9.226300 -0.184737 -0.060617 0.980917 1.577100 0.000000 0.000000 0.000000 1.000000
0.976986 0.092476 0.192214 0.000000 -0.102897 0.993676 0.044937 9.226300 -0.186843 -0.063681 0.980324 1.577100 0.000000 0.000000 0.000000 1.000000
0.977090 0.086002 0.194679 0.000000 -0.097164 0.994085 0.048512 9.226300 -0.189355 -0.066316 0.979667 1.577100 0.000000 0.000000 0.000000 1.000000
0.977156 0.081481 0.196285 0.000000 -0.093157 0.994345 0.050991 9.226300 -0.191020 -0.068112 0.979220 1.577100 0.000000 0.000000 0.000000 1.000000
0.977369 0.077977 0.196644 0.000000 -0.090104 0.994495 0.053480 9.226300 -0.191392 -0.069988 0.979015 1.577100 0.000000 0.000000 0.000000 1.000000
0.977516 0.076241 0.196595 0.000000 -0.088811 0.994477 0.055926 9.226300 -0.191245 -0.072128 0.978889 1.577100 0.000000 0.000000 0.000000 1.000000
0.977502 0.076214 0.196673 0.000000 -0.089220 0.994315 0.058124 9.226300 -0.191125 -0.074364 0.978745 1.577100 0.000000 0.000000 0.000000 1.000000
0.977435 0.076435 0.196920 -0.000000 -0.089860 0.994136 0.060153 9.226300 -0.191168 -0.076491 0.978572 1.577100 0.000000 0.000000 0.000000 1.000000
0.977435 0.075583 0.197251 -0.000000 -0.089436 0.994044 0.062279 9.226300 -0.191369 -0.078515 0.978373 1.577100 0.000000 0.000000 0.000000 1.000000
0.977486 0.074837 0.197281 -0.000000 -0.089074 0.993948 0.064295 9.226300 -0.191276 -0.080420 0.978236 1.577100 0.000000 0.000000 0.000000 1.000000
0.977660 0.073129 0.197060 -0.000000 -0.087631 0.993971 0.065898 9.226300 -0.191053 -0.081694 0.978174 1.577100 0.000000 0.000000 0.000000 1.000000
0.977806 0.070732 0.197212 0.000000 -0.085563 0.994029 0.067713 9.226300 -0.191245 -0.083084 0.978020 1.577100 0.000000 0.000000 0.000000 1.000000
0.977790 0.068172 0.198192 0.000000 -0.083474 0.994056 0.069898 9.226300 -0.192249 -0.084889 0.977668 1.577100 0.000000 0.000000 0.000000 1.000000
0.977747 0.065954 0.199148 -0.000000 -0.081673 0.994072 0.071769 9.226300 -0.193234 -0.086437 0.977338 1.577100 0.000000 0.000000 0.000000 1.000000
