<?xml version="1.0" encoding="utf-8"?>
<COLLADA xmlns="http://www.collada.org/2005/11/COLLADASchema" version="1.4.1">
  <asset><contributor><author>Mixamo</author><authoring_tool>COLLADA Mixamo exporter</authoring_tool><comments></comments></contributor><created>2018-06-07T18:44:02Z</created><modified>2018-06-07T18:44:02Z</modified><revision></revision><title></title><unit meter="0.010000"/><up_axis>Y_UP</up_axis></asset>
  <library_animations>
    <animation id="swat_Hips-anim" name="swat_Hips"><source id="swat_Hips-Matrix-animation-input"><float_array id="swat_Hips-Matrix-animation-input-array" count="91">

0.000000 0.033333 0.066667 0.100000 0.133333 0.166667 0.200000 0.233333 0.266667 0.300000 0.333333 0.366667 0.400000 0.433333 0.466667 0.500000
0.533333 0.566667 0.600000 0.633333 0.666667 0.700000 0.733333 0.766667 0.800000 0.833333 0.866667 0.900000 0.933333 0.966667 1.000000 1.033333
1.066667 1.100000 1.133333 1.166667 1.200000 1.233333 1.266667 1.300000 1.333333 1.366667 1.400000 1.433333 1.466667 1.500000 1.533333 1.566667
1.600000 1.633333 1.666667 1.700000 1.733333 1.766667 1.800000 1.833333 1.866667 1.900000 1.933333 1.966667 2.000000 2.033333 2.066667 2.100000
2.133333 2.166667 2.200000 2.233333 2.266667 2.300000 2.333333 2.366667 2.400000 2.433333 2.466667 2.500000 2.533333 2.566667 2.600000 2.633333
2.666667 2.700000 2.733333 2.766667 2.800000 2.833333 2.866667 2.900000 2.933333 2.966667 3.000000</float_array><technique_common><accessor source="#swat_Hips-Matrix-animation-input-array" count="91"><param name="TIME" type="float"/></accessor></technique_common></source><source id="swat_Hips-Matrix-animation-output-transform"><float_array id="swat_Hips-Matrix-animation-output-transform-array" count="1456">

0.999582 0.000641 -0.028890 2.363299 -0.017153 0.817733 -0.575342 97.178223 0.023256 0.575597 0.817402 -11.701785 0.000000 0.000000 0.000000 1.000000
0.999555 0.001380 -0.029805 2.379288 -0.018299 0.817338 -0.575867 97.197845 0.023566 0.576156 0.817000 -11.651752 0.000000 0.000000 0.000000 1.000000
0.999517 0.002381 -0.030995 2.397844 -0.019826 0.816800 -0.576580 97.248611 0.023944 0.576916 0.816452 -11.601292 0.000000 0.000000 0.000000 1.000000
0.999473 0.003488 -0.032288 2.413764 -0.021500 0.816210 -0.577356 97.330406 0.024339 0.577745 0.815854 -11.555417 0.000000 0.000000 0.000000 1.000000
0.999426 0.004624 -0.033558 2.424744 -0.023186 0.815618 -0.578127 97.441025 0.024697 0.578573 0.815257 -11.506174 0.000000 0.000000 0.000000 1.000000
0.999377 0.005742 -0.034834 2.431963 -0.024861 0.815014 -0.578908 97.575241 0.025065 0.579413 0.814648 -11.456415 0.000000 0.000000 0.000000 1.000000
0.999325 0.006861 -0.036103 2.436946 -0.026534 0.814402 -0.579694 97.729668 0.025425 0.580260 0.814034 -11.406207 0.000000 0.000000 0.000000 1.000000
0.999270 0.007965 -0.037355 2.443181 -0.028186 0.813787 -0.580480 97.898483 0.025776 0.581109 0.813417 -11.354094 0.000000 0.000000 0.000000 1.000000
0.999215 0.009044 -0.038578 2.453560 -0.029801 0.813171 -0.581261 98.069710 0.026114 0.581954 0.812802 -11.298786 0.000000 0.000000 0.000000 1.000000
0.999158 0.010087 -0.039758 2.477667 -0.031363 0.812560 -0.582033 98.247826 0.026435 0.582790 0.812193 -11.241169 0.000000 0.000000 0.000000 1.000000
0.999102 0.011096 -0.040892 2.510713 -0.032870 0.811954 -0.582796 98.421928 0.026736 0.583617 0.811589 -11.182899 0.000000 0.000000 0.000000 1.000000
0.999038 0.012233 -0.042101 2.545675 -0.034528 0.811294 -0.583619 98.586998 0.027017 0.584511 0.810936 -11.125098 0.000000 0.000000 0.000000 1.000000
0.998988 0.013103 -0.043030 2.599265 -0.035801 0.810758 -0.584286 98.747475 0.027231 0.585235 0.810406 -11.073094 0.000000 0.000000 0.000000 1.000000
0.998943 0.013845 -0.043825 2.664938 -0.036890 0.810275 -0.584887 98.892632 0.027413 0.585886 0.809930 -11.024400 0.000000 0.000000 0.000000 1.000000
0.998900 0.014564 -0.044576 2.737050 -0.037933 0.809806 -0.585470 99.012466 0.027571 0.586517 0.809468 -10.978197 0.000000 0.000000 0.000000 1.000000
0.998858 0.015259 -0.045285 2.815482 -0.038932 0.809358 -0.586024 99.112198 0.027709 0.587117 0.809027 -10.934724 0.000000 0.000000 0.000000 1.000000
0.998814 0.015974 -0.045983 2.899173 -0.039941 0.808931 -0.586545 99.188759 0.027828 0.587686 0.808610 -10.894677 0.000000 0.000000 0.000000 1.000000
0.998772 0.016677 -0.046649 2.985615 -0.040919 0.808530 -0.587031 99.241837 0.027927 0.588219 0.808220 -10.858788 0.000000 0.000000 0.000000 1.000000
0.998732 0.017337 -0.047261 3.072463 -0.041828 0.808158 -0.587478 99.271019 0.028009 0.588710 0.807859 -10.827623 0.000000 0.000000 0.000000 1.000000
0.998695 0.017948 -0.047815 3.157583 -0.042664 0.807819 -0.587885 99.275009 0.028075 0.589158 0.807530 -10.801591 0.000000 0.000000 0.000000 1.000000
0.998662 0.018495 -0.048295 3.239140 -0.043402 0.807521 -0.588240 99.257072 0.028120 0.589549 0.807243 -10.781894 0.000000 0.000000 0.000000 1.000000
0.998636 0.018929 -0.048651 3.317076 -0.043973 0.807295 -0.588507 99.222702 0.028135 0.589844 0.807027 -10.770017 0.000000 0.000000 0.000000 1.000000
0.998624 0.019183 -0.048810 3.392344 -0.044277 0.807176 -0.588648 99.177498 0.028106 0.589999 0.806915 -10.768425 0.000000 0.000000 0.000000 1.000000
0.998629 0.019202 -0.048699 3.466332 -0.044226 0.807202 -0.588616 99.125961 0.028007 0.589963 0.806944 -10.781446 0.000000 0.000000 0.000000 1.000000
0.998650 0.019016 -0.048346 3.536137 -0.043860 0.807359 -0.588428 99.074631 0.027843 0.589754 0.807103 -10.809466 0.000000 0.000000 0.000000 1.000000
0.998678 0.018727 -0.047861 3.595302 -0.043331 0.807588 -0.588153 99.011665 0.027638 0.589450 0.807332 -10.851001 0.000000 0.000000 0.000000 1.000000
0.998714 0.018346 -0.047270 3.640844 -0.042662 0.807872 -0.587812 98.941292 0.027404 0.589072 0.807616 -10.903724 0.000000 0.000000 0.000000 1.000000
0.998751 0.017918 -0.046636 3.670012 -0.041930 0.808182 -0.587439 98.867134 0.027165 0.588660 0.807924 -10.982353 0.000000 0.000000 0.000000 1.000000
0.998789 0.017459 -0.045990 3.687138 -0.041164 0.808496 -0.587061 98.784004 0.026933 0.588243 0.808236 -11.009350 0.000000 0.000000 0.000000 1.000000
0.998830 0.016956 -0.045298 3.698209 -0.040335 0.808838 -0.586646 98.692192 0.026692 0.587787 0.808575 -11.035267 0.000000 0.000000 0.000000 1.000000
0.998872 0.016414 -0.044562 3.701468 -0.039449 0.809206 -0.586198 98.591194 0.026438 0.587295 0.808941 -11.063633 0.000000 0.000000 0.000000 1.000000
0.998915 0.015837 -0.043788 3.698443 -0.038511 0.809597 -0.585722 98.467682 0.026175 0.586773 0.809328 -11.093845 0.000000 0.000000 0.000000 1.000000
0.998960 0.015231 -0.042983 3.691335 -0.037531 0.810007 -0.585218 98.321091 0.025903 0.586223 0.809736 -11.125126 0.000000 0.000000 0.000000 1.000000
0.999005 0.014603 -0.042149 3.680024 -0.036515 0.810433 -0.584693 98.182869 0.025621 0.585650 0.810159 -11.157730 0.000000 0.000000 0.000000 1.000000
0.999047 0.014026 -0.041332 3.664313 -0.035551 0.810869 -0.584146 98.045456 0.025321 0.585059 0.810595 -11.194272 0.000000 0.000000 0.000000 1.000000
0.999088 0.013487 -0.040515 3.644234 -0.034618 0.811315 -0.583584 97.908997 0.025000 0.584454 0.811041 -11.234777 0.000000 0.000000 0.000000 1.000000
0.999130 0.012920 -0.039659 3.620131 -0.033640 0.811768 -0.583011 97.783577 0.024661 0.583838 0.811496 -11.276793 0.000000 0.000000 0.000000 1.000000
0.999172 0.012322 -0.038764 3.592381 -0.032613 0.812226 -0.582430 97.665955 0.024308 0.583213 0.811956 -11.319490 0.000000 0.000000 0.000000 1.000000
0.999215 0.011718 -0.037848 3.561788 -0.031569 0.812687 -0.581845 97.556511 0.023941 0.582583 0.812419 -11.363341 0.000000 0.000000 0.000000 1.000000
0.999257 0.011109 -0.036914 3.529378 -0.030512 0.813146 -0.581259 97.458008 0.023560 0.581953 0.812881 -11.407818 0.000000 0.000000 0.000000 1.000000
0.999297 0.010512 -0.035982 3.492967 -0.029467 0.813602 -0.580675 97.378311 0.023171 0.581327 0.813340 -11.452284 0.000000 0.000000 0.000000 1.000000
0.999337 0.009910 -0.035043 3.453643 -0.028414 0.814051 -0.580097 97.319077 0.022778 0.580708 0.813793 -11.496751 0.000000 0.000000 0.000000 1.000000
0.999375 0.009309 -0.034104 3.411786 -0.027363 0.814492 -0.579529 97.272018 0.022383 0.580100 0.814238 -11.541534 0.000000 0.000000 0.000000 1.000000
0.999412 0.008715 -0.033169 3.367667 -0.026322 0.814921 -0.578973 97.236603 0.021984 0.579506 0.814671 -11.585387 0.000000 0.000000 0.000000 1.000000
0.999447 0.008134 -0.032243 3.321043 -0.025296 0.815337 -0.578434 97.214417 0.021584 0.578930 0.815091 -11.628103 0.000000 0.000000 0.000000 1.000000
0.999480 0.007567 -0.031329 3.271042 -0.024291 0.815735 -0.577916 97.207130 0.021183 0.578376 0.815495 -11.670063 0.000000 0.000000 0.000000 1.000000
0.999512 0.007018 -0.030434 3.218083 -0.023312 0.816114 -0.577420 97.214508 0.020786 0.577848 0.815880 -11.711386 0.000000 0.000000 0.000000 1.000000
0.999542 0.006483 -0.029568 3.162466 -0.022363 0.816472 -0.576952 97.235428 0.020401 0.577349 0.816243 -11.751037 0.000000 0.000000 0.000000 1.000000
0.999569 0.005967 -0.028749 3.105044 -0.021457 0.816806 -0.576514 97.268356 0.020042 0.576882 0.816582 -11.787452 0.000000 0.000000 0.000000 1.000000
0.999593 0.005455 -0.027992 3.045701 -0.020592 0.817114 -0.576109 97.312950 0.019730 0.576451 0.816894 -11.818358 0.000000 0.000000 0.000000 1.000000
0.999614 0.004937 -0.027329 2.985291 -0.019777 0.817393 -0.575741 97.367165 0.019496 0.576059 0.817175 -11.840654 0.000000 0.000000 0.000000 1.000000
0.999632 0.004477 -0.026746 2.925608 -0.019058 0.817641 -0.575413 97.427635 0.019292 0.575712 0.817425 -11.860765 0.000000 0.000000 0.000000 1.000000
0.999646 0.004073 -0.026292 2.865611 -0.018459 0.817854 -0.575130 97.497040 0.019161 0.575411 0.817640 -11.873464 0.000000 0.000000 0.000000 1.000000
0.999658 0.003695 -0.025883 2.806243 -0.017908 0.818040 -0.574882 97.572937 0.019050 0.575149 0.817827 -11.884484 0.000000 0.000000 0.000000 1.000000
0.999668 0.003354 -0.025532 2.749273 -0.017422 0.818205 -0.574663 97.653427 0.018963 0.574917 0.817992 -11.892703 0.000000 0.000000 0.000000 1.000000
0.999677 0.003035 -0.025239 2.701885 -0.016988 0.818348 -0.574471 97.738556 0.018911 0.574715 0.818135 -11.898134 0.000000 0.000000 0.000000 1.000000
0.999684 0.002731 -0.024991 2.656728 -0.016593 0.818473 -0.574306 97.828827 0.018886 0.574539 0.818259 -11.900813 0.000000 0.000000 0.000000 1.000000
0.999690 0.002443 -0.024790 2.615531 -0.016238 0.818580 -0.574163 97.921814 0.018890 0.574387 0.818366 -11.900336 0.000000 0.000000 0.000000 1.000000
0.999694 0.002158 -0.024623 2.577891 -0.015906 0.818671 -0.574042 98.020752 0.018919 0.574259 0.818455 -11.897045 0.000000 0.000000 0.000000 1.000000
0.999699 0.001870 -0.024480 2.538396 -0.015586 0.818748 -0.573942 98.125641 0.018970 0.574151 0.818530 -11.891638 0.000000 0.000000 0.000000 1.000000
0.999702 0.001577 -0.024356 2.479010 -0.015273 0.818811 -0.573860 98.229576 0.019038 0.574061 0.818591 -11.885451 0.000000 0.000000 0.000000 1.000000
0.999705 0.001256 -0.024237 2.411198 -0.014940 0.818862 -0.573795 98.330185 0.019126 0.573988 0.818640 -11.879640 0.000000 0.000000 0.000000 1.000000
0.999708 0.000923 -0.024141 2.340158 -0.014611 0.818904 -0.573745 98.427902 0.019240 0.573930 0.818678 -11.878835 0.000000 0.000000 0.000000 1.000000
0.999710 0.000636 -0.024081 2.268797 -0.014340 0.818935 -0.573708 98.524742 0.019356 0.573886 0.818706 -11.879519 0.000000 0.000000 0.000000 1.000000
0.999711 0.000374 -0.024038 2.198924 -0.014101 0.818957 -0.573681 98.619148 0.019471 0.573855 0.818726 -11.880228 0.000000 0.000000 0.000000 1.000000
0.999712 0.000113 -0.024004 2.128330 -0.013867 0.818973 -0.573665 98.708038 0.019594 0.573833 0.818738 -11.884892 0.000000 0.000000 0.000000 1.000000
0.999712 -0.000101 -0.023990 2.059819 -0.013683 0.818983 -0.573655 98.791206 0.019705 0.573818 0.818745 -11.888844 0.000000 0.000000 0.000000 1.000000
0.999712 -0.000287 -0.023990 1.995124 -0.013530 0.818987 -0.573652 98.866653 0.019812 0.573811 0.818748 -11.893183 0.000000 0.000000 0.000000 1.000000
0.999712 -0.000452 -0.024001 1.937343 -0.013402 0.818989 -0.573652 98.933075 0.019916 0.573808 0.818747 -11.898090 0.000000 0.000000 0.000000 1.000000
0.999711 -0.000601 -0.024022 1.889242 -0.013292 0.818989 -0.573655 98.989510 0.020018 0.573808 0.818745 -11.903712 0.000000 0.000000 0.000000 1.000000
0.999710 -0.000736 -0.024051 1.852315 -0.013198 0.818989 -0.573657 99.034271 0.020120 0.573809 0.818742 -11.910393 0.000000 0.000000 0.000000 1.000000
0.999710 -0.000892 -0.024066 1.825508 -0.013079 0.818990 -0.573659 99.071274 0.020222 0.573807 0.818741 -11.916769 0.000000 0.000000 0.000000 1.000000
0.999710 -0.001050 -0.024076 1.812664 -0.012955 0.818996 -0.573653 99.083130 0.020320 0.573798 0.818745 -11.923662 0.000000 0.000000 0.000000 1.000000
0.999708 -0.001173 -0.024131 1.819641 -0.012886 0.818998 -0.573651 99.062134 0.020437 0.573795 0.818744 -11.934737 0.000000 0.000000 0.000000 1.000000
0.999706 -0.001239 -0.024233 1.841938 -0.012891 0.818986 -0.573669 99.006821 0.020558 0.573813 0.818729 -11.943523 0.000000 0.000000 0.000000 1.000000
0.999702 -0.001258 -0.024377 1.868832 -0.012959 0.818960 -0.573705 98.920967 0.020685 0.573850 0.818699 -11.949930 0.000000 0.000000 0.000000 1.000000
0.999698 -0.001235 -0.024559 1.897812 -0.013084 0.818922 -0.573756 98.808495 0.020821 0.573903 0.818658 -11.953330 0.000000 0.000000 0.000000 1.000000
0.999693 -0.001193 -0.024764 1.929983 -0.013237 0.818874 -0.573821 98.673141 0.020963 0.573972 0.818606 -11.951724 0.000000 0.000000 0.000000 1.000000
0.999687 -0.001137 -0.024991 1.964691 -0.013416 0.818817 -0.573898 98.519341 0.021116 0.574054 0.818545 -11.945512 0.000000 0.000000 0.000000 1.000000
0.999681 -0.001059 -0.025252 2.001702 -0.013631 0.818752 -0.573986 98.350883 0.021283 0.574147 0.818476 -11.936282 0.000000 0.000000 0.000000 1.000000
0.999673 -0.000966 -0.025542 2.040433 -0.013877 0.818680 -0.574082 98.190491 0.021465 0.574249 0.818399 -11.923660 0.000000 0.000000 0.000000 1.000000
0.999665 -0.000866 -0.025856 2.080676 -0.014142 0.818603 -0.574186 98.031784 0.021663 0.574359 0.818317 -11.907086 0.000000 0.000000 0.000000 1.000000
0.999657 -0.000762 -0.026190 2.121397 -0.014422 0.818522 -0.574294 97.873093 0.021875 0.574474 0.818230 -11.885522 0.000000 0.000000 0.000000 1.000000
0.999648 -0.000592 -0.026538 2.159940 -0.014764 0.818438 -0.574405 97.728859 0.022060 0.574594 0.818141 -11.864865 0.000000 0.000000 0.000000 1.000000
0.999638 -0.000409 -0.026886 2.195981 -0.015117 0.818352 -0.574518 97.593575 0.022238 0.574717 0.818050 -11.843920 0.000000 0.000000 0.000000 1.000000
0.999630 -0.000239 -0.027216 2.228804 -0.015449 0.818267 -0.574631 97.471710 0.022408 0.574839 0.817960 -11.823733 0.000000 0.000000 0.000000 1.000000
0.999621 -0.000086 -0.027528 2.256918 -0.015757 0.818182 -0.574743 97.365608 0.022572 0.574959 0.817871 -11.802157 0.000000 0.000000 0.000000 1.000000
0.999613 0.000049 -0.027820 2.281584 -0.016039 0.818100 -0.574853 97.280190 0.022731 0.575076 0.817784 -11.778380 0.000000 0.000000 0.000000 1.000000
0.999606 0.000126 -0.028053 2.305139 -0.016238 0.818035 -0.574939 97.219337 0.022876 0.575168 0.817715 -11.753535 0.000000 0.000000 0.000000 1.000000
0.999598 0.000267 -0.028340 2.330346 -0.016522 0.817945 -0.575059 97.184326 0.023027 0.575296 0.817621 -11.728374 0.000000 0.000000 0.000000 1.000000
0.999582 0.000641 -0.028890 2.363299 -0.017153 0.817733 -0.575342 97.178223 0.023256 0.575597 0.817402 -11.701784 0.000000 0.000000 0.000000 1.000000</float_array><technique_common><accessor source="#swat_Hips-Matrix-animation-output-transform-array" count="91" stride="16"><param type="float4x4"/></accessor></technique_common></source><source id="swat_Hips-Interpolations"><Name_array id="swat_Hips-Interpolations-array" count="91">
 LINEAR LINEAR LINEAR LINEAR LINEAR LINEAR LINEAR LINEAR LINEAR LINEAR LINEAR
LINEAR LINEAR LINEAR LINEAR LINEAR LINEAR LINEAR LINEAR LINEAR LINEAR LINEAR LINEAR
LINEAR LINEAR LINEAR LINEAR LINEAR LINEAR LINEAR LINEAR LINEAR LINEAR LINEAR LINEAR
LINEAR LINEAR LINEAR LINEAR LINEAR LINEAR LINEAR LINEAR LINEAR LINEAR LINEAR LINEAR
LINEAR LINEAR LINEAR LINEAR LINEAR LINEAR LINEAR LINEAR LINEAR LINEAR LINEAR LINEAR
LINEAR LINEAR LINEAR LINEAR LINEAR LINEAR LINEAR LINEAR LINEAR LINEAR LINEAR LINEAR
LINEAR LINEAR LINEAR LINEAR LINEAR LINEAR LINEAR LINEAR LINEAR LINEAR LINEAR LINEAR
LINEAR LINEAR LINEAR LINEAR LINEAR LINEAR LINEAR LINEAR</Name_array><technique_common><accessor source="#swat_Hips-Interpolations-array" count="91"><param type="name"/></accessor></technique_common></source><sampler id="swat_Hips-Matrix-animation-transform"><input semantic="INPUT" source="#swat_Hips-Matrix-animation-input"/><input semantic="OUTPUT" source="#swat_Hips-Matrix-animation-output-transform"/><input semantic="INTERPOLATION" source="#swat_Hips-Interpolations"/></sampler><channel source="#swat_Hips-Matrix-animation-transform" target="swat_Hips/matrix"/></animation>
    <animation id="swat_Spine-anim" name="swat_Spine"><source id="swat_Spine-Matrix-animation-input"><float_array id="swat_Spine-Matrix-animation-input-array" count="91">

0.000000 0.033333 0.066667 0.100000 0.133333 0.166667 0.200000 0.233333 0.266667 0.300000 0.333333 0.366667 0.400000 0.433333 0.466667 0.500000
0.533333 0.566667 0.600000 0.633333 0.666667 0.700000 0.733333 0.766667 0.800000 0.833333 0.866667 0.900000 0.933333 0.966667 1.000000 1.033333
1.066667 1.100000 1.133333 1.166667 1.200000 1.233333 1.266667 1.300000 1.333333 1.366667 1.400000 1.433333 1.466667 1.500000 1.533333 1.566667
1.600000 1.633333 1.666667 1.700000 1.733333 1.766667 1.800000 1.833333 1.866667 1.900000 1.933333 1.966667 2.000000 2.033333 2.066667 2.100000
2.133333 2.166667 2.200000 2.233333 2.266667 2.300000 2.333333 2.366667 2.400000 2.433333 2.466667 2.500000 2.533333 2.566667 2.600000 2.633333
2.666667 2.700000 2.733333 2.766667 2.800000 2.833333 2.866667 2.900000 2.933333 2.966667 3.000000</float_array><technique_common><accessor source="#swat_Spine-Matrix-animation-input-array" count="91"><param name="TIME" type="float"/></accessor></technique_common></source><source id="swat_Spine-Matrix-animation-output-transform"><float_array id="swat_Spine-Matrix-animation-output-transform-array" count="1456">

0.999571 -0.002018 0.029204 0.000000 0.001609 0.999900 0.014019 9.226300 -0.029230 -0.013966 0.999475 1.577100 0.000000 0.000000 0.000000 1.000000
0.999554 -0.002174 0.029780 0.000000 0.001744 0.999894 0.014451 9.226300 -0.029808 -0.014392 0.999452 1.577100 0.000000 0.000000 0.000000 1.000000
0.999534 -0.002400 0.030419 -0.000000 0.001943 0.999885 0.015043 9.226300 -0.030452 -0.014977 0.999424 1.577100 0.000000 0.000000 0.000000 1.000000
0.999513 -0.002806 0.031094 0.000000 0.002321 0.999875 0.015611 9.226300 -0.031134 -0.015531 0.999395 1.577100 0.000000 0.000000 0.000000 1.000000
0.999489 -0.003499 0.031781 -0.000000 0.002996 0.999870 0.015845 9.226300 -0.031832 -0.015741 0.999369 1.577100 0.000000 0.000000 0.000000 1.000000
0.999462 -0.004391 0.032494 0.000000 0.003881 0.999869 0.015729 9.226300 -0.032559 -0.015595 0.999348 1.577100 0.000000 0.000000 0.000000 1.000000
0.999433 -0.005456 0.033224 0.000000 0.004945 0.999869 0.015443 9.226300 -0.033304 -0.015270 0.999329 1.577100 0.000000 0.000000 0.000000 1.000000
0.999401 -0.006626 0.033956 -0.000000 0.006111 0.999865 0.015249 9.226300 -0.034053 -0.015033 0.999307 1.577100 0.000000 0.000000 0.000000 1.000000
0.999367 -0.007864 0.034681 -0.000000 0.007340 0.999857 0.015213 9.226300 -0.034796 -0.014949 0.999283 1.577100 0.000000 0.000000 0.000000 1.000000
0.999332 -0.009125 0.035393 -0.000000 0.008587 0.999846 0.015324 9.226300 -0.035527 -0.015010 0.999256 1.577100 0.000000 0.000000 0.000000 1.000000
0.999295 -0.010385 0.036079 0.000000 0.009829 0.999831 0.015557 9.226300 -0.036235 -0.015191 0.999228 1.577100 0.000000 0.000000 0.000000 1.000000
0.999255 -0.011712 0.036765 0.000000 0.011140 0.999815 0.015711 9.226300 -0.036942 -0.015290 0.999200 1.577100 0.000000 0.000000 0.000000 1.000000
0.999220 -0.012804 0.037351 -0.000000 0.012222 0.999801 0.015766 9.226300 -0.037545 -0.015297 0.999178 1.577100 0.000000 0.000000 0.000000 1.000000
0.999187 -0.013803 0.037870 -0.000000 0.013210 0.999787 0.015864 9.226300 -0.038081 -0.015350 0.999157 1.577100 0.000000 0.000000 0.000000 1.000000
0.999152 -0.014855 0.038403 0.000000 0.014252 0.999772 0.015926 9.226300 -0.038631 -0.015365 0.999135 1.577100 0.000000 0.000000 0.000000 1.000000
0.999114 -0.015884 0.038978 -0.000000 0.015272 0.999756 0.015948 9.226300 -0.039222 -0.015339 0.999113 1.577100 0.000000 0.000000 0.000000 1.000000
0.999072 -0.016936 0.039613 0.000000 0.016316 0.999740 0.015928 9.226300 -0.039872 -0.015267 0.999088 1.577100 0.000000 0.000000 0.000000 1.000000
0.999027 -0.017970 0.040275 0.000000 0.017343 0.999724 0.015855 9.226300 -0.040549 -0.015141 0.999063 1.577100 0.000000 0.000000 0.000000 1.000000
0.998982 -0.018948 0.040935 0.000000 0.018317 0.999709 0.015723 9.226300 -0.041221 -0.014957 0.999038 1.577100 0.000000 0.000000 0.000000 1.000000
0.998938 -0.019860 0.041580 -0.000000 0.019228 0.999695 0.015525 9.226300 -0.041875 -0.014709 0.999015 1.577100 0.000000 0.000000 0.000000 1.000000
0.998895 -0.020692 0.042194 -0.000000 0.020064 0.999682 0.015252 9.226300 -0.042496 -0.014388 0.998993 1.577100 0.000000 0.000000 0.000000 1.000000
0.998856 -0.021427 0.042760 0.000000 0.020807 0.999673 0.014889 9.226300 -0.043065 -0.013982 0.998974 1.577100 0.000000 0.000000 0.000000 1.000000
0.998821 -0.022035 0.043244 0.000000 0.021429 0.999666 0.014417 9.226300 -0.043548 -0.013473 0.998960 1.577100 0.000000 0.000000 0.000000 1.000000
0.998795 -0.022503 0.043617 -0.000000 0.021919 0.999664 0.013819 9.226300 -0.043914 -0.012847 0.998953 1.577100 0.000000 0.000000 0.000000 1.000000
0.998776 -0.022834 0.043875 0.000000 0.022279 0.999666 0.013094 9.226300 -0.044159 -0.012100 0.998951 1.577100 0.000000 0.000000 0.000000 1.000000
0.998765 -0.023040 0.044023 0.000000 0.022520 0.999671 0.012253 9.226300 -0.044291 -0.011246 0.998955 1.577100 0.000000 0.000000 0.000000 1.000000
0.998762 -0.023097 0.044048 -0.000000 0.022619 0.999680 0.011312 9.226300 -0.044295 -0.010301 0.998965 1.577100 0.000000 0.000000 0.000000 1.000000
0.998768 -0.023006 0.043976 0.000000 0.022597 0.999697 0.009786 9.226300 -0.044188 -0.008781 0.998985 1.577100 0.000000 0.000000 0.000000 1.000000
0.998781 -0.022868 0.043752 0.000000 0.022465 0.999701 0.009690 9.226300 -0.043961 -0.008696 0.998995 1.577100 0.000000 0.000000 0.000000 1.000000
0.998799 -0.022672 0.043431 0.000000 0.022270 0.999705 0.009722 9.226300 -0.043638 -0.008743 0.999009 1.577100 0.000000 0.000000 0.000000 1.000000
0.998823 -0.022427 0.043002 -0.000000 0.022024 0.999709 0.009825 9.226300 -0.043209 -0.008866 0.999027 1.577100 0.000000 0.000000 0.000000 1.000000
0.998855 -0.022152 0.042397 -0.000000 0.021744 0.999713 0.010056 9.226300 -0.042607 -0.009122 0.999050 1.577100 0.000000 0.000000 0.000000 1.000000
0.998898 -0.021871 0.041538 -0.000000 0.021453 0.999715 0.010478 9.226300 -0.041755 -0.009575 0.999082 1.577100 0.000000 0.000000 0.000000 1.000000
0.998947 -0.021576 0.040478 0.000000 0.021145 0.999715 0.011057 9.226300 -0.040705 -0.010189 0.999119 1.577100 0.000000 0.000000 0.000000 1.000000
0.998999 -0.021326 0.039319 0.000000 0.020879 0.999713 0.011755 9.226300 -0.039559 -0.010922 0.999158 1.577100 0.000000 0.000000 0.000000 1.000000
0.999051 -0.021090 0.038099 -0.000000 0.020626 0.999709 0.012532 9.226300 -0.038352 -0.011735 0.999195 1.577100 0.000000 0.000000 0.000000 1.000000
0.999105 -0.020789 0.036834 -0.000000 0.020309 0.999705 0.013348 9.226300 -0.037101 -0.012588 0.999232 1.577100 0.000000 0.000000 0.000000 1.000000
0.999159 -0.020403 0.035580 0.000000 0.019910 0.999701 0.014161 9.226300 -0.035858 -0.013440 0.999267 1.577100 0.000000 0.000000 0.000000 1.000000
0.999209 -0.019944 0.034408 0.000000 0.019440 0.999700 0.014933 9.226300 -0.034695 -0.014252 0.999296 1.577100 0.000000 0.000000 0.000000 1.000000
0.999254 -0.019394 0.033410 0.000000 0.018880 0.999700 0.015629 9.226300 -0.033703 -0.014987 0.999320 1.577100 0.000000 0.000000 0.000000 1.000000
0.999292 -0.018778 0.032588 -0.000000 0.018257 0.999702 0.016233 9.226300 -0.032883 -0.015626 0.999337 1.577100 0.000000 0.000000 0.000000 1.000000
0.999336 -0.018158 0.031578 -0.000000 0.017637 0.999705 0.016700 9.226300 -0.031872 -0.016132 0.999362 1.577100 0.000000 0.000000 0.000000 1.000000
0.999385 -0.017549 0.030343 0.000000 0.017039 0.999710 0.016996 9.226300 -0.030632 -0.016468 0.999395 1.577100 0.000000 0.000000 0.000000 1.000000
0.999438 -0.016944 0.028923 -0.000000 0.016454 0.999719 0.017086 9.226300 -0.029205 -0.016600 0.999436 1.577100 0.000000 0.000000 0.000000 1.000000
0.999492 -0.016337 0.027357 -0.000000 0.015877 0.999730 0.016957 9.226300 -0.027627 -0.016514 0.999482 1.577100 0.000000 0.000000 0.000000 1.000000
0.999547 -0.015723 0.025678 -0.000000 0.015298 0.999744 0.016655 9.226300 -0.025934 -0.016255 0.999532 1.577100 0.000000 0.000000 0.000000 1.000000
0.999600 -0.015093 0.023924 0.000000 0.014708 0.999760 0.016210 9.226300 -0.024163 -0.015851 0.999582 1.577100 0.000000 0.000000 0.000000 1.000000
0.999651 -0.014437 0.022135 -0.000000 0.014093 0.999778 0.015638 9.226300 -0.022355 -0.015320 0.999633 1.577100 0.000000 0.000000 0.000000 1.000000
0.999698 -0.013748 0.020361 -0.000000 0.013445 0.999798 0.014960 9.226300 -0.020563 -0.014681 0.999681 1.577100 0.000000 0.000000 0.000000 1.000000
0.999742 -0.013002 0.018649 0.000000 0.012738 0.999818 0.014195 9.226300 -0.018831 -0.013954 0.999725 1.577100 0.000000 0.000000 0.000000 1.000000
0.999780 -0.012182 0.017064 0.000000 0.011954 0.999839 0.013363 9.226300 -0.017224 -0.013156 0.999765 1.577100 0.000000 0.000000 0.000000 1.000000
0.999814 -0.011341 0.015620 0.000000 0.011147 0.999860 0.012484 9.226300 -0.015760 -0.012308 0.999800 1.577100 0.000000 0.000000 0.000000 1.000000
0.999841 -0.010471 0.014401 -0.000000 0.010305 0.999880 0.011576 9.226300 -0.014520 -0.011426 0.999829 1.577100 0.000000 0.000000 0.000000 1.000000
0.999865 -0.009547 0.013373 -0.000000 0.009405 0.999899 0.010654 9.226300 -0.013474 -0.010527 0.999854 1.577100 0.000000 0.000000 0.000000 1.000000
0.999884 -0.008560 0.012590 0.000000 0.008438 0.999917 0.009736 9.226300 -0.012673 -0.009629 0.999873 1.577100 0.000000 0.000000 0.000000 1.000000
0.999899 -0.007543 0.012080 0.000000 0.007437 0.999933 0.008836 9.226300 -0.012146 -0.008746 0.999888 1.577100 0.000000 0.000000 0.000000 1.000000
0.999910 -0.006570 0.011738 -0.000000 0.006477 0.999947 0.007966 9.226300 -0.011790 -0.007889 0.999899 1.577100 0.000000 0.000000 0.000000 1.000000
0.999917 -0.005645 0.011539 0.000000 0.005563 0.999959 0.007144 9.226300 -0.011579 -0.007079 0.999908 1.577100 0.000000 0.000000 0.000000 1.000000
0.999923 -0.004748 0.011463 -0.000000 0.004675 0.999969 0.006385 9.226300 -0.011493 -0.006331 0.999914 1.577100 0.000000 0.000000 0.000000 1.000000
0.999927 -0.003817 0.011492 0.000000 0.003751 0.999977 0.005704 9.226300 -0.011514 -0.005660 0.999918 1.577100 0.000000 0.000000 0.000000 1.000000
0.999929 -0.002829 0.011612 0.000000 0.002770 0.999983 0.005107 9.226300 -0.011626 -0.005074 0.999920 1.577100 0.000000 0.000000 0.000000 1.000000
0.999929 -0.001786 0.011804 0.000000 0.001730 0.999987 0.004716 9.226300 -0.011812 -0.004695 0.999919 1.577100 0.000000 0.000000 0.000000 1.000000
0.999927 -0.000713 0.012082 -0.000000 0.000659 0.999990 0.004432 9.226300 -0.012085 -0.004424 0.999917 1.577100 0.000000 0.000000 0.000000 1.000000
0.999922 0.000324 0.012454 0.000000 -0.000376 0.999991 0.004162 9.226300 -0.012453 -0.004167 0.999914 1.577100 0.000000 0.000000 0.000000 1.000000
0.999916 0.001331 0.012898 0.000000 -0.001382 0.999991 0.003904 9.226300 -0.012892 -0.003921 0.999909 1.577100 0.000000 0.000000 0.000000 1.000000
0.999908 0.002320 0.013401 0.000000 -0.002369 0.999991 0.003655 9.226300 -0.013392 -0.003687 0.999904 1.577100 0.000000 0.000000 0.000000 1.000000
0.999897 0.003227 0.013969 0.000000 -0.003275 0.999989 0.003448 9.226300 -0.013957 -0.003493 0.999896 1.577100 0.000000 0.000000 0.000000 1.000000
0.999885 0.004051 0.014589 -0.000000 -0.004102 0.999986 0.003470 9.226300 -0.014574 -0.003529 0.999888 1.577100 0.000000 0.000000 0.000000 1.000000
0.999872 0.004786 0.015262 0.000000 -0.004843 0.999981 0.003682 9.226300 -0.015244 -0.003756 0.999877 1.577100 0.000000 0.000000 0.000000 1.000000
0.999859 0.005425 0.015911 0.000000 -0.005488 0.999977 0.003922 9.226300 -0.015889 -0.004009 0.999866 1.577100 0.000000 0.000000 0.000000 1.000000
0.999846 0.005971 0.016514 -0.000000 -0.006041 0.999973 0.004210 9.226300 -0.016488 -0.004309 0.999855 1.577100 0.000000 0.000000 0.000000 1.000000
0.999834 0.006271 0.017117 0.000000 -0.006348 0.999970 0.004501 9.226300 -0.017089 -0.004609 0.999843 1.577100 0.000000 0.000000 0.000000 1.000000
0.999823 0.006274 0.017725 -0.000000 -0.006361 0.999968 0.004818 9.226300 -0.017694 -0.004930 0.999831 1.577100 0.000000 0.000000 0.000000 1.000000
0.999813 0.006061 0.018375 0.000000 -0.006157 0.999968 0.005187 9.226300 -0.018343 -0.005299 0.999818 1.577100 0.000000 0.000000 0.000000 1.000000
0.999803 0.005641 0.019050 -0.000000 -0.005749 0.999968 0.005613 9.226300 -0.019018 -0.005721 0.999803 1.577100 0.000000 0.000000 0.000000 1.000000
0.999792 0.005033 0.019745 0.000000 -0.005155 0.999968 0.006092 9.226300 -0.019714 -0.006193 0.999786 1.577100 0.000000 0.000000 0.000000 1.000000
0.999782 0.004299 0.020456 0.000000 -0.004435 0.999968 0.006625 9.226300 -0.020427 -0.006715 0.999769 1.577100 0.000000 0.000000 0.000000 1.000000
0.999770 0.003518 0.021163 -0.000000 -0.003671 0.999967 0.007206 9.226300 -0.021137 -0.007283 0.999750 1.577100 0.000000 0.000000 0.000000 1.000000
0.999757 0.002752 0.021863 -0.000000 -0.002924 0.999965 0.007834 9.226300 -0.021841 -0.007896 0.999730 1.577100 0.000000 0.000000 0.000000 1.000000
0.999743 0.002053 0.022563 0.000000 -0.002245 0.999961 0.008509 9.226300 -0.022545 -0.008557 0.999709 1.577100 0.000000 0.000000 0.000000 1.000000
0.999728 0.001419 0.023264 -0.000000 -0.001634 0.999956 0.009207 9.226300 -0.023250 -0.009243 0.999687 1.577100 0.000000 0.000000 0.000000 1.000000
0.999712 0.000845 0.023967 0.000000 -0.001083 0.999950 0.009896 9.226300 -0.023958 -0.009919 0.999664 1.577100 0.000000 0.000000 0.000000 1.000000
0.999696 0.000333 0.024669 -0.000000 -0.000594 0.999944 0.010582 9.226300 -0.024664 -0.010593 0.999640 1.577100 0.000000 0.000000 0.000000 1.000000
0.999678 -0.000179 0.025362 0.000000 -0.000107 0.999936 0.011290 9.226300 -0.025362 -0.011289 0.999615 1.577100 0.000000 0.000000 0.000000 1.000000
0.999661 -0.000638 0.026032 0.000000 0.000326 0.999928 0.011990 9.226300 -0.026038 -0.011978 0.999589 1.577100 0.000000 0.000000 0.000000 1.000000
0.999644 -0.001004 0.026664 -0.000000 0.000672 0.999922 0.012462 9.226300 -0.026674 -0.012440 0.999567 1.577100 0.000000 0.000000 0.000000 1.000000
0.999628 -0.001274 0.027255 0.000000 0.000926 0.999918 0.012776 9.226300 -0.027269 -0.012746 0.999547 1.577100 0.000000 0.000000 0.000000 1.000000
0.999612 -0.001469 0.027805 -0.000000 0.001106 0.999914 0.013064 9.226300 -0.027822 -0.013028 0.999528 1.577100 0.000000 0.000000 0.000000 1.000000
0.999599 -0.001662 0.028280 -0.000000 0.001284 0.999909 0.013401 9.226300 -0.028299 -0.013360 0.999510 1.577100 0.000000 0.000000 0.000000 1.000000
0.999586 -0.001869 0.028715 -0.000000 0.001475 0.999905 0.013714 9.226300 -0.028738 -0.013666 0.999494 1.577100 0.000000 0.000000 0.000000 1.000000
0.999571 -0.002018 0.029204 0.000000 0.001609 0.999900 0.014019 9.226300 -0.029230 -0.013966 0.999475 1.577100 0.000000 0.000000 0.000000 1.000000</float_array><technique_common><accessor source="#swat_Spine-Matrix-animation-output-transform-array" count="91" stride="16"><param type="float4x4"/></accessor></technique_common></source><source id="swat_Spine-Interpolations"><Name_array id="swat_Spine-Interpolations-array" count="91">
 LINEAR LINEAR LINEAR LINEAR LINEAR LINEAR LINEAR LINEAR LINEAR LINEAR LINEAR
LINEAR LINEAR LINEAR LINEAR LINEAR LINEAR LINEAR LINEAR LINEAR LINEAR LINEAR LINEAR
LINEAR LINEAR LINEAR LINEAR LINEAR LINEAR LINEAR LINEAR LINEAR LINEAR LINEAR LINEAR
LINEAR LINEAR LINEAR LINEAR LINEAR LINEAR LINEAR LINEAR LINEAR LINEAR LINEAR LINEAR
LINEAR LINEAR LINEAR LINEAR LINEAR LINEAR LINEAR LINEAR LINEAR LINEAR LINEAR LINEAR
LINEAR LINEAR LINEAR LINEAR LINEAR LINEAR LINEAR LINEAR LINEAR LINEAR LINEAR LINEAR
LINEAR LINEAR LINEAR LINEAR LINEAR LINEAR LINEAR LINEAR LINEAR LINEAR LINEAR LINEAR
LINEAR LINEAR LINEAR LINEAR LINEAR LINEAR LINEAR LINEAR</Name_array><technique_common><accessor source="#swat_Spine-Interpolations-array" count="91"><param type="name"/></accessor></technique_common></source><sampler id="swat_Spine-Matrix-animation-transform"><input semantic="INPUT" source="#swat_Spine-Matrix-animation-input"/><input semantic="OUTPUT" source="#swat_Spine-Matrix-animation-output-transform"/><input semantic="INTERPOLATION" source="#swat_Spine-Interpolations"/></sampler><channel source="#swat_Spine-Matrix-animation-transform" target="swat_Spine/matrix"/></animation>
    <animation id="swat_Spine1-anim" name="swat_Spine1"><source id="swat_Spine1-Matrix-animation-input"><float_array id="swat_Spine1-Matrix-animation-input-array" count="91">

0.000000 0.033333 0.066667 0.100000 0.133333 0.166667 0.200000 0.233333 0.266667 0.300000 0.333333 0.366667 0.400000 0.433333 0.466667 0.500000
0.533333 0.566667 0.600000 0.633333 0.666667 0.700000 0.733333 0.766667 0.800000 0.833333 0.866667 0.900000 0.933333 0.966667 1.000000 1.033333
1.066667 1.100000 1.133333 1.166667 1.200000 1.233333 1.266667 1.300000 1.333333 1.366667 1.400000 1.433333 1.466667 1.500000 1.533333 1.566667
1.600000 1.633333 1.666667 1.700000 1.733333 1.766667 1.800000 1.833333 1.866667 1.900000 1.933333 1.966667 2.000000 2.033333 2.066667 2.100000
2.133333 2.166667 2.200000 2.233333 2.266667 2.300000 2.333333 2.366667 2.400000 2.433333 2.466667 2.500000 2.533333 2.566667 2.600000 2.633333
2.666667 2.700000 2.733333 2.766667 2.800000 2.833333 2.866667 2.900000 2.933333 2.966667 3.000000</float_array><technique_common><accessor source="#swat_Spine1-Matrix-animation-input-array" count="91"><param name="TIME" type="float"/></accessor></technique_common></source><source id="swat_Spine1-Matrix-animation-output-transform"><float_array id="swat_Spine1-Matrix-animation-output-transform-array" count="1456">

0.999210 -0.026736 -0.029391 -0.000000 0.025175 0.998316 -0.052270 16.254000 0.030739 0.051489 0.998200 -0.165600 0.000000 0.000000 0.000000 1.000000
0.999229 -0.027223 -0.028295 0.000000 0.025734 0.998330 -0.051719 16.254000 0.029656 0.050951 0.998261 -0.165600 0.000000 0.000000 0.000000 1.000000
0.999246 -0.027891 -0.026994 0.000000 0.026484 0.998340 -0.051151 16.254000 0.028376 0.050397 0.998326 -0.165600 0.000000 0.000000 0.000000 1.000000
0.999260 -0.028687 -0.025632 -0.000000 0.027361 0.998340 -0.050681 16.254000 0.027043 0.049942 0.998386 -0.165600 0.000000 0.000000 0.000000 1.000000
0.999267 -0.029631 -0.024253 0.000000 0.028380 0.998326 -0.050397 16.254000 0.025706 0.049671 0.998435 -0.165600 0.000000 0.000000 0.000000 1.000000
0.999267 -0.030715 -0.022838 0.000000 0.029534 0.998295 -0.050350 16.254000 0.024345 0.049638 0.998471 -0.165600 0.000000 0.000000 0.000000 1.000000
0.999262 -0.031892 -0.021393 0.000000 0.030780 0.998252 -0.050449 16.254000 0.022965 0.049753 0.998498 -0.165600 0.000000 0.000000 0.000000 1.000000
0.999253 -0.033112 -0.019929 -0.000000 0.032069 0.998207 -0.050548 16.254000 0.021567 0.049872 0.998523 -0.165600 0.000000 0.000000 0.000000 1.000000
0.999240 -0.034347 -0.018444 -0.000000 0.033375 0.998160 -0.050632 16.254000 0.020149 0.049978 0.998547 -0.165600 0.000000 0.000000 0.000000 1.000000
0.999223 -0.035585 -0.016933 0.000000 0.034686 0.998110 -0.050718 16.254000 0.018706 0.050091 0.998569 -0.165600 0.000000 0.000000 0.000000 1.000000
0.999204 -0.036799 -0.015413 -0.000000 0.035974 0.998061 -0.050802 16.254000 0.017253 0.050207 0.998590 -0.165600 0.000000 0.000000 0.000000 1.000000
0.999181 -0.038006 -0.013857 0.000000 0.037255 0.998006 -0.050953 16.254000 0.015766 0.050395 0.998605 -0.165600 0.000000 0.000000 0.000000 1.000000
0.999163 -0.038963 -0.012450 0.000000 0.038278 0.997953 -0.051234 16.254000 0.014421 0.050715 0.998609 -0.165600 0.000000 0.000000 0.000000 1.000000
0.999149 -0.039711 -0.011142 0.000000 0.039087 0.997906 -0.051539 16.254000 0.013165 0.051060 0.998609 -0.165600 0.000000 0.000000 0.000000 1.000000
0.999138 -0.040343 -0.009801 0.000000 0.039782 0.997858 -0.051930 16.254000 0.011876 0.051495 0.998603 -0.165600 0.000000 0.000000 0.000000 1.000000
0.999128 -0.040898 -0.008386 -0.000000 0.040404 0.997810 -0.052379 16.254000 0.010510 0.051995 0.998592 -0.165600 0.000000 0.000000 0.000000 1.000000
0.999120 -0.041371 -0.006933 -0.000000 0.040948 0.997761 -0.052882 16.254000 0.009105 0.052551 0.998577 -0.165600 0.000000 0.000000 0.000000 1.000000
0.999113 -0.041764 -0.005470 0.000000 0.041413 0.997713 -0.053429 16.254000 0.007689 0.053155 0.998557 -0.165600 0.000000 0.000000 0.000000 1.000000
0.999106 -0.042077 -0.004026 0.000000 0.041799 0.997665 -0.054015 16.254000 0.006289 0.053799 0.998532 -0.165600 0.000000 0.000000 0.000000 1.000000
0.999101 -0.042314 -0.002627 0.000000 0.042107 0.997618 -0.054632 16.254000 0.004932 0.054472 0.998503 -0.165600 0.000000 0.000000 0.000000 1.000000
0.999097 -0.042470 -0.001308 -0.000000 0.042332 0.997573 -0.055278 16.254000 0.003652 0.055173 0.998470 -0.165600 0.000000 0.000000 0.000000 1.000000
0.999095 -0.042529 -0.000116 0.000000 0.042456 0.997530 -0.055964 16.254000 0.002496 0.055908 0.998433 -0.165600 0.000000 0.000000 0.000000 1.000000
0.999097 -0.042474 0.000894 0.000000 0.042456 0.997488 -0.056704 16.254000 0.001517 0.056691 0.998391 -0.165600 0.000000 0.000000 0.000000 1.000000
0.999104 -0.042283 0.001667 -0.000000 0.042309 0.997448 -0.057515 16.254000 0.000769 0.057534 0.998343 -0.165600 0.000000 0.000000 0.000000 1.000000
0.999117 -0.041969 0.002187 0.000000 0.042025 0.997409 -0.058380 16.254000 0.000269 0.058420 0.998292 -0.165600 0.000000 0.000000 0.000000 1.000000
0.999132 -0.041576 0.002476 0.000000 0.041649 0.997374 -0.059252 16.254000 -0.000006 0.059304 0.998240 -0.165600 0.000000 0.000000 0.000000 1.000000
0.999151 -0.041116 0.002519 0.000000 0.041193 0.997342 -0.060101 16.254000 -0.000041 0.060153 0.998189 -0.165600 0.000000 0.000000 0.000000 1.000000
0.999171 -0.040642 0.002330 -0.000000 0.040709 0.997295 -0.061198 16.254000 0.000164 0.061242 0.998123 -0.165600 0.000000 0.000000 0.000000 1.000000
0.999190 -0.040192 0.001925 0.000000 0.040234 0.997307 -0.061321 16.254000 0.000545 0.061349 0.998116 -0.165600 0.000000 0.000000 0.000000 1.000000
0.999209 -0.039736 0.001306 0.000000 0.039741 0.997329 -0.061278 16.254000 0.001133 0.061281 0.998120 -0.165600 0.000000 0.000000 0.000000 1.000000
0.999228 -0.039288 0.000458 0.000000 0.039243 0.997360 -0.061091 16.254000 0.001944 0.061062 0.998132 -0.165600 0.000000 0.000000 0.000000 1.000000
0.999243 -0.038891 -0.000759 0.000000 0.038773 0.997406 -0.060651 16.254000 0.003115 0.060576 0.998159 -0.165600 0.000000 0.000000 0.000000 1.000000
0.999252 -0.038586 -0.002503 0.000000 0.038367 0.997471 -0.059831 16.254000 0.004806 0.059690 0.998205 -0.165600 0.000000 0.000000 0.000000 1.000000
0.999254 -0.038343 -0.004664 0.000000 0.038003 0.997552 -0.058700 16.254000 0.006903 0.058479 0.998265 -0.165600 0.000000 0.000000 0.000000 1.000000
0.999248 -0.038127 -0.007115 0.000000 0.037657 0.997644 -0.057336 16.254000 0.009284 0.057025 0.998330 -0.165600 0.000000 0.000000 0.000000 1.000000
0.999234 -0.037906 -0.009732 0.000000 0.037306 0.997744 -0.055817 16.254000 0.011825 0.055411 0.998394 -0.165600 0.000000 0.000000 0.000000 1.000000
0.999214 -0.037649 -0.012392 0.000000 0.036925 0.997846 -0.054219 16.254000 0.014406 0.053719 0.998452 -0.165600 0.000000 0.000000 0.000000 1.000000
