<?xml version="1.0" encoding="utf-8"?>
<COLLADA xmlns="http://www.collada.org/2005/11/COLLADASchema" version="1.4.1">
  <asset><contributor><author>Mixamo</author><authoring_tool>COLLADA Mixamo exporter</authoring_tool><comments></comments></contributor><created>2018-06-07T18:19:44Z</created><modified>2018-06-07T18:19:44Z</modified><revision></revision><title></title><unit meter="0.010000"/><up_axis>Y_UP</up_axis></asset>
  <library_animations>
    <animation id="swat_Hips-anim" name="swat_Hips"><source id="swat_Hips-Matrix-animation-input"><float_array id="swat_Hips-Matrix-animation-input-array" count="31">

0.000000 0.033333 0.066667 0.100000 0.133333 0.166667 0.200000 0.233333 0.266667 0.300000 0.333333 0.366667 0.400000 0.433333 0.466667 0.500000
0.533333 0.566667 0.600000 0.633333 0.666667 0.700000 0.733333 0.766667 0.800000 0.833333 0.866667 0.900000 0.933333 0.966667 1.000000</float_array><technique_common><accessor source="#swat_Hips-Matrix-animation-input-array" count="31"><param name="TIME" type="float"/></accessor></technique_common></source><source id="swat_Hips-Matrix-animation-output-transform"><float_array id="swat_Hips-Matrix-animation-output-transform-array" count="496">

0.998416 0.030427 0.047323 -0.198715 -0.029614 0.999403 -0.017769 94.522850 -0.047836 0.016340 0.998722 0.002517 0.000000 0.000000 0.000000 1.000000
0.999281 0.029751 0.023501 -0.306801 -0.029337 0.999411 -0.017792 95.102005 -0.024016 0.017090 0.999565 -0.294079 0.000000 0.000000 0.000000 1.000000
0.999447 0.033069 0.003563 -0.388809 -0.033010 0.999335 -0.015512 95.089973 -0.004073 0.015386 0.999873 -0.657448 0.000000 0.000000 0.000000 1.000000
0.999308 0.035696 -0.010437 -0.407618 -0.035820 0.999288 -0.011862 94.599243 0.010006 0.012228 0.999875 -0.802174 0.000000 0.000000 0.000000 1.000000
0.999170 0.035119 -0.020638 -0.408601 -0.035333 0.999325 -0.010094 93.737000 0.020270 0.010814 0.999736 -1.105609 0.000000 0.000000 0.000000 1.000000
0.998931 0.033357 -0.031991 -0.334278 -0.033743 0.999363 -0.011589 92.702858 0.031584 0.012656 0.999421 -1.457453 0.000000 0.000000 0.000000 1.000000
0.998430 0.032371 -0.045716 -0.162685 -0.033025 0.999362 -0.013625 91.610619 0.045246 0.015113 0.998862 -1.661402 0.000000 0.000000 0.000000 1.000000
0.997754 0.031916 -0.058886 0.126375 -0.032738 0.999379 -0.013062 90.349777 0.058432 0.014961 0.998179 -1.358381 0.000000 0.000000 0.000000 1.000000
0.997240 0.029132 -0.068289 0.643614 -0.030036 0.999474 -0.012259 89.023262 0.067896 0.014276 0.997590 -0.518738 0.000000 0.000000 0.000000 1.000000
0.997159 0.021192 -0.072278 1.142778 -0.022461 0.999607 -0.016782 88.335724 0.071894 0.018357 0.997243 0.391072 0.000000 0.000000 0.000000 1.000000
0.997512 0.010371 -0.069726 1.703417 -0.012161 0.999606 -0.025290 88.182129 0.069437 0.026075 0.997246 1.018735 0.000000 0.000000 0.000000 1.000000
0.998101 0.001589 -0.061574 2.184887 -0.003394 0.999567 -0.029226 88.531998 0.061501 0.029380 0.997674 1.072461 0.000000 0.000000 0.000000 1.000000
0.998593 -0.000672 -0.053017 2.698143 -0.000664 0.999683 -0.025178 89.898720 0.053017 0.025177 0.998276 1.068439 0.000000 0.000000 0.000000 1.000000
0.998971 0.003927 -0.045176 3.046486 -0.004758 0.999821 -0.018298 91.721443 0.045096 0.018494 0.998811 1.000504 0.000000 0.000000 0.000000 1.000000
0.999431 0.013671 -0.030828 3.272969 -0.014119 0.999797 -0.014365 93.394539 0.030626 0.014792 0.999421 0.665273 0.000000 0.000000 0.000000 1.000000
0.999731 0.022865 -0.003843 3.441689 -0.022923 0.999610 -0.015929 94.781403 0.003477 0.016013 0.999866 0.451653 0.000000 0.000000 0.000000 1.000000
0.999245 0.023969 0.030586 3.549781 -0.023299 0.999485 -0.022062 95.521889 -0.031099 0.021333 0.999289 -0.092383 0.000000 0.000000 0.000000 1.000000
0.998036 0.015259 0.060764 3.611887 -0.013536 0.999497 -0.028666 95.420898 -0.061171 0.027787 0.997740 -0.766951 0.000000 0.000000 0.000000 1.000000
0.996791 0.002382 0.080010 3.664456 0.000191 0.999483 -0.032141 94.684906 -0.080045 0.032054 0.996276 -1.102167 0.000000 0.000000 0.000000 1.000000
0.995816 -0.008763 0.090956 3.725179 0.011762 0.999403 -0.032493 93.477417 -0.090617 0.033427 0.995325 -1.294202 0.000000 0.000000 0.000000 1.000000
0.994743 -0.016538 0.101060 3.708710 0.019876 0.999287 -0.032112 92.177193 -0.100457 0.033952 0.994362 -1.560375 0.000000 0.000000 0.000000 1.000000
0.993154 -0.021299 0.114854 3.635828 0.025236 0.999139 -0.032925 90.686569 -0.114054 0.035598 0.992837 -1.645532 0.000000 0.000000 0.000000 1.000000
0.991164 -0.022002 0.130805 3.378503 0.026857 0.999010 -0.035469 89.251251 -0.129895 0.038669 0.990773 -1.509269 0.000000 0.000000 0.000000 1.000000
0.989623 -0.016093 0.142783 2.909675 0.022057 0.998945 -0.040286 88.214394 -0.141984 0.043018 0.988934 -1.063282 0.000000 0.000000 0.000000 1.000000
0.989579 -0.002096 0.143979 2.313106 0.009110 0.998802 -0.048077 87.839699 -0.143706 0.048887 0.988412 -0.452463 0.000000 0.000000 0.000000 1.000000
0.990703 0.017648 0.134896 1.700403 -0.010132 0.998368 -0.056206 88.052246 -0.135668 0.054317 0.989264 -0.136601 0.000000 0.000000 0.000000 1.000000
0.991619 0.036168 0.124032 1.089168 -0.029111 0.997878 -0.058247 88.965179 -0.125875 0.054149 0.990567 -0.135929 0.000000 0.000000 0.000000 1.000000
0.991949 0.047679 0.117319 0.518866 -0.041966 0.997832 -0.050695 90.237595 -0.119482 0.045364 0.991800 -0.179912 0.000000 0.000000 0.000000 1.000000
0.992949 0.047710 0.108516 0.204347 -0.043875 0.998335 -0.037454 91.763161 -0.110122 0.032428 0.993389 -0.014912 0.000000 0.000000 0.000000 1.000000
0.995016 0.041011 0.090896 0.000024 -0.038828 0.998916 -0.025667 93.085571 -0.091851 0.022010 0.995530 0.050429 0.000000 0.000000 0.000000 1.000000
0.997413 0.033049 0.063835 -0.119287 -0.031898 0.999311 -0.018956 94.177208 -0.064418 0.016871 0.997780 0.114903 0.000000 0.000000 0.000000 1.000000</float_array><technique_common><accessor source="#swat_Hips-Matrix-animation-output-transform-array" count="31" stride="16"><param type="float4x4"/></accessor></technique_common></source><source id="swat_Hips-Interpolations"><Name_array id="swat_Hips-Interpolations-array" count="31">
 LINEAR LINEAR LINEAR LINEAR LINEAR LINEAR LINEAR LINEAR LINEAR LINEAR LINEAR
LINEAR LINEAR LINEAR LINEAR LINEAR LINEAR LINEAR LINEAR LINEAR LINEAR LINEAR LINEAR
LINEAR LINEAR LINEAR LINEAR LINEAR LINEAR LINEAR LINEAR</Name_array><technique_common><accessor source="#swat_Hips-Interpolations-array" count="31"><param type="name"/></accessor></technique_common></source><sampler id="swat_Hips-Matrix-animation-transform"><input semantic="INPUT" source="#swat_Hips-Matrix-animation-input"/><input semantic="OUTPUT" source="#swat_Hips-Matrix-animation-output-transform"/><input semantic="INTERPOLATION" source="#swat_Hips-Interpolations"/></sampler><channel source="#swat_Hips-Matrix-animation-transform" target="swat_Hips/matrix"/></animation>
    <animation id="swat_Spine-anim" name="swat_Spine"><source id="swat_Spine-Matrix-animation-input"><float_array id="swat_Spine-Matrix-animation-input-array" count="31">

0.000000 0.033333 0.066667 0.100000 0.133333 0.166667 0.200000 0.233333 0.266667 0.300000 0.333333 0.366667 0.400000 0.433333 0.466667 0.500000
0.533333 0.566667 0.600000 0.633333 0.666667 0.700000 0.733333 0.766667 0.800000 0.833333 0.866667 0.900000 0.933333 0.966667 1.000000</float_array><technique_common><accessor source="#swat_Spine-Matrix-animation-input-array" count="31"><param name="TIME" type="float"/></accessor></technique_common></source><source id="swat_Spine-Matrix-animation-output-transform"><float_array id="swat_Spine-Matrix-animation-output-transform-array" count="496">

0.999949 -0.008252 0.005795 0.000000 0.008271 0.999960 -0.003349 9.226300 -0.005767 0.003397 0.999978 1.577100 0.000000 0.000000 0.000000 1.000000
0.999921 -0.004440 0.011723 0.000000 0.004483 0.999983 -0.003685 9.226300 -0.011707 0.003737 0.999924 1.577100 0.000000 0.000000 0.000000 1.000000
0.999857 -0.002103 0.016752 0.000000 0.002199 0.999981 -0.005675 9.226300 -0.016740 0.005711 0.999844 1.577100 0.000000 0.000000 0.000000 1.000000
0.999789 -0.000816 0.020524 -0.000000 0.000953 0.999978 -0.006636 9.226300 -0.020518 0.006654 0.999767 1.577100 0.000000 0.000000 0.000000 1.000000
0.999725 0.001115 0.023439 0.000000 -0.000929 0.999968 -0.007976 9.226300 -0.023447 0.007952 0.999693 1.577100 0.000000 0.000000 0.000000 1.000000
0.999638 0.003218 0.026706 0.000000 -0.003000 0.999962 -0.008176 9.226300 -0.026731 0.008093 0.999610 1.577100 0.000000 0.000000 0.000000 1.000000
0.999518 0.005571 0.030556 0.000000 -0.005328 0.999953 -0.008043 9.226300 -0.030599 0.007877 0.999501 1.577100 0.000000 0.000000 0.000000 1.000000
0.999379 0.007661 0.034399 0.000000 -0.007407 0.999944 -0.007504 9.226300 -0.034455 0.007245 0.999380 1.577100 0.000000 0.000000 0.000000 1.000000
0.999260 0.009571 0.037256 0.000000 -0.009339 0.999936 -0.006377 9.226300 -0.037315 0.006024 0.999285 1.577100 0.000000 0.000000 0.000000 1.000000
0.999196 0.012185 0.038198 -0.000000 -0.012112 0.999924 -0.002142 9.226300 -0.038221 0.001677 0.999268 1.577100 0.000000 0.000000 0.000000 1.000000
0.999200 0.015694 0.036793 0.000000 -0.015830 0.999869 0.003415 9.226300 -0.036735 -0.003994 0.999317 1.577100 0.000000 0.000000 0.000000 1.000000
0.999297 0.017781 0.033004 0.000000 -0.017936 0.999829 0.004395 9.226300 -0.032920 -0.004983 0.999446 1.577100 0.000000 0.000000 0.000000 1.000000
0.999460 0.016986 0.028138 -0.000000 -0.017057 0.999852 0.002282 9.226300 -0.028095 -0.002760 0.999601 1.577100 0.000000 0.000000 0.000000 1.000000
0.999623 0.015538 0.022650 -0.000000 -0.015548 0.999879 0.000258 9.226300 -0.022643 -0.000610 0.999743 1.577100 0.000000 0.000000 0.000000 1.000000
0.999812 0.011447 0.015676 0.000000 -0.011421 0.999933 -0.001748 9.226300 -0.015695 0.001568 0.999876 1.577100 0.000000 0.000000 0.000000 1.000000
0.999953 0.006787 0.006926 -0.000000 -0.006773 0.999975 -0.002078 9.226300 -0.006940 0.002031 0.999974 1.577100 0.000000 0.000000 0.000000 1.000000
0.999989 0.004150 -0.002089 0.000000 -0.004155 0.999988 -0.002600 9.226300 0.002079 0.002609 0.999994 1.577100 0.000000 0.000000 0.000000 1.000000
0.999951 0.003676 -0.009152 0.000000 -0.003709 0.999987 -0.003623 9.226300 0.009138 0.003657 0.999952 1.577100 0.000000 0.000000 0.000000 1.000000
0.999901 0.004058 -0.013442 0.000000 -0.004118 0.999982 -0.004436 9.226300 0.013424 0.004490 0.999900 1.577100 0.000000 0.000000 0.000000 1.000000
0.999867 0.003491 -0.015952 0.000000 -0.003587 0.999976 -0.006003 9.226300 0.015930 0.006060 0.999855 1.577100 0.000000 0.000000 0.000000 1.000000
0.999825 0.002933 -0.018498 0.000000 -0.003075 0.999966 -0.007651 9.226300 0.018475 0.007706 0.999800 1.577100 0.000000 0.000000 0.000000 1.000000
0.999760 0.001139 -0.021857 0.000000 -0.001323 0.999964 -0.008390 9.226300 0.021847 0.008416 0.999726 1.577100 0.000000 0.000000 0.000000 1.000000
0.999674 -0.001214 -0.025514 0.000000 0.001019 0.999970 -0.007653 9.226300 0.025523 0.007624 0.999645 1.577100 0.000000 0.000000 0.000000 1.000000
0.999600 -0.004035 -0.028009 0.000000 0.003896 0.999980 -0.004989 9.226300 0.028029 0.004878 0.999595 1.577100 0.000000 0.000000 0.000000 1.000000
0.999591 -0.006840 -0.027762 0.000000 0.006856 0.999976 0.000484 9.226300 0.027758 -0.000674 0.999614 1.577100 0.000000 0.000000 0.000000 1.000000
0.999630 -0.010851 -0.024933 -0.000000 0.010977 0.999928 0.004938 9.226300 0.024877 -0.005210 0.999677 1.577100 0.000000 0.000000 0.000000 1.000000
0.999664 -0.015176 -0.021019 0.000000 0.015288 0.999870 0.005179 9.226300 0.020937 -0.005499 0.999766 1.577100 0.000000 0.000000 0.000000 1.000000
0.999671 -0.018515 -0.017778 -0.000000 0.018573 0.999823 0.003065 9.226300 0.017718 -0.003394 0.999837 1.577100 0.000000 0.000000 0.000000 1.000000
0.999746 -0.018315 -0.013145 -0.000000 0.018321 0.999832 0.000397 9.226300 0.013135 -0.000638 0.999914 1.577100 0.000000 0.000000 0.000000 1.000000
0.999864 -0.015159 -0.006555 -0.000000 0.015144 0.999883 -0.002237 9.226300 0.006588 0.002138 0.999976 1.577100 0.000000 0.000000 0.000000 1.000000
0.999943 -0.010613 0.001520 0.000000 0.010618 0.999939 -0.003028 9.226300 -0.001488 0.003044 0.999994 1.577100 0.000000 0.000000 0.000000 1.000000</float_array><technique_common><accessor source="#swat_Spine-Matrix-animation-output-transform-array" count="31" stride="16"><param type="float4x4"/></accessor></technique_common></source><source id="swat_Spine-Interpolations"><Name_array id="swat_Spine-Interpolations-array" count="31">
 LINEAR LINEAR LINEAR LINEAR LINEAR LINEAR LINEAR LINEAR LINEAR LINEAR LINEAR
LINEAR LINEAR LINEAR LINEAR LINEAR LINEAR LINEAR LINEAR LINEAR LINEAR LINEAR LINEAR
LINEAR LINEAR LINEAR LINEAR LINEAR LINEAR LINEAR LINEAR</Name_array><technique_common><accessor source="#swat_Spine-Interpolations-array" count="31"><param type="name"/></accessor></technique_common></source><sampler id="swat_Spine-Matrix-animation-transform"><input semantic="INPUT" source="#swat_Spine-Matrix-animation-input"/><input semantic="OUTPUT" source="#swat_Spine-Matrix-animation-output-transform"/><input semantic="INTERPOLATION" source="#swat_Spine-Interpolations"/></sampler><channel source="#swat_Spine-Matrix-animation-transform" target="swat_Spine/matrix"/></animation>
    <animation id="swat_Spine1-anim" name="swat_Spine1"><source id="swat_Spine1-Matrix-animation-input"><float_array id="swat_Spine1-Matrix-animation-input-array" count="31">

0.000000 0.033333 0.066667 0.100000 0.133333 0.166667 0.200000 0.233333 0.266667 0.300000 0.333333 0.366667 0.400000 0.433333 0.466667 0.500000
0.533333 0.566667 0.600000 0.633333 0.666667 0.700000 0.733333 0.766667 0.800000 0.833333 0.866667 0.900000 0.933333 0.966667 1.000000</float_array><technique_common><accessor source="#swat_Spine1-Matrix-animation-input-array" count="31"><param name="TIME" type="float"/></accessor></technique_common></source><source id="swat_Spine1-Matrix-animation-output-transform"><float_array id="swat_Spine1-Matrix-animation-output-transform-array" count="496">

0.999889 -0.008672 0.012085 0.000000 0.008754 0.999939 -0.006719 16.254000 -0.012026 0.006824 0.999904 -0.165600 0.000000 0.000000 0.000000 1.000000
0.999719 -0.002530 0.023558 0.000000 0.002706 0.999969 -0.007428 16.254000 -0.023538 0.007490 0.999695 -0.165600 0.000000 0.000000 0.000000 1.000000
0.999440 0.000819 0.033457 0.000000 -0.000437 0.999935 -0.011435 16.254000 -0.033464 0.011414 0.999375 -0.165600 0.000000 0.000000 0.000000 1.000000
0.999152 0.002496 0.041090 0.000000 -0.001948 0.999909 -0.013374 16.254000 -0.041120 0.013283 0.999066 -0.165600 0.000000 0.000000 0.000000 1.000000
0.998843 0.005480 0.047770 0.000000 -0.004717 0.999860 -0.016080 16.254000 -0.047851 0.015836 0.998729 -0.165600 0.000000 0.000000 0.000000 1.000000
0.998415 0.009641 0.055454 -0.000000 -0.008735 0.999825 -0.016554 16.254000 -0.055604 0.016043 0.998324 -0.165600 0.000000 0.000000 0.000000 1.000000
0.997815 0.014136 0.064539 -0.000000 -0.013104 0.999780 -0.016383 16.254000 -0.064756 0.015502 0.997781 -0.165600 0.000000 0.000000 0.000000 1.000000
0.997152 0.017765 0.073296 0.000000 -0.016680 0.999742 -0.015390 16.254000 -0.073550 0.014124 0.997192 -0.165600 0.000000 0.000000 0.000000 1.000000
0.996618 0.020875 0.079482 -0.000000 -0.019886 0.999715 -0.013205 16.254000 -0.079735 0.011580 0.996749 -0.165600 0.000000 0.000000 0.000000 1.000000
0.996374 0.024776 0.081397 0.000000 -0.024467 0.999689 -0.004795 16.254000 -0.081491 0.002787 0.996670 -0.165600 0.000000 0.000000 0.000000 1.000000
0.996475 0.031261 0.077854 -0.000000 -0.031840 0.999474 0.006206 16.254000 -0.077619 -0.008663 0.996945 -0.165600 0.000000 0.000000 0.000000 1.000000
0.997035 0.034343 0.068865 -0.000000 -0.034991 0.999354 0.008220 16.254000 -0.068538 -0.010605 0.997592 -0.165600 0.000000 0.000000 0.000000 1.000000
0.997864 0.031480 0.057239 0.000000 -0.031771 0.999486 0.004176 16.254000 -0.057078 -0.005986 0.998352 -0.165600 0.000000 0.000000 0.000000 1.000000
0.998619 0.027034 0.045041 0.000000 -0.027075 0.999633 0.000301 16.254000 -0.045016 -0.001520 0.998985 -0.165600 0.000000 0.000000 0.000000 1.000000
0.999354 0.018458 0.030820 0.000000 -0.018357 0.999825 -0.003568 16.254000 -0.030881 0.002999 0.999519 -0.165600 0.000000 0.000000 0.000000 1.000000
0.999852 0.010539 0.013598 0.000000 -0.010483 0.999936 -0.004171 16.254000 -0.013641 0.004028 0.999899 -0.165600 0.000000 0.000000 0.000000 1.000000
0.999966 0.007009 -0.004246 0.000000 -0.007031 0.999962 -0.005195 16.254000 0.004209 0.005225 0.999977 -0.165600 0.000000 0.000000 0.000000 1.000000
0.999808 0.006835 -0.018385 0.000000 -0.006969 0.999950 -0.007218 16.254000 0.018335 0.007345 0.999805 -0.165600 0.000000 0.000000 0.000000 1.000000
0.999603 0.007661 -0.027107 0.000000 -0.007903 0.999930 -0.008823 16.254000 0.027038 0.009033 0.999594 -0.165600 0.000000 0.000000 0.000000 1.000000
0.999448 0.005874 -0.032687 0.000000 -0.006268 0.999909 -0.011971 16.254000 0.032614 0.012170 0.999394 -0.165600 0.000000 0.000000 0.000000 1.000000
0.999243 0.003829 -0.038701 -0.000000 -0.004424 0.999873 -0.015294 16.254000 0.038638 0.015454 0.999134 -0.165600 0.000000 0.000000 0.000000 1.000000
0.998912 0.000012 -0.046625 0.000000 -0.000797 0.999858 -0.016815 16.254000 0.046618 0.016834 0.998771 -0.165600 0.000000 0.000000 0.000000 1.000000
0.998477 -0.003973 -0.055025 0.000000 0.003130 0.999877 -0.015383 16.254000 0.055079 0.015187 0.998366 -0.165600 0.000000 0.000000 0.000000 1.000000
0.998129 -0.008476 -0.060549 0.000000 0.007878 0.999918 -0.010105 16.254000 0.060630 0.009609 0.998114 -0.165600 0.000000 0.000000 0.000000 1.000000
0.998113 -0.012848 -0.060043 0.000000 0.012919 0.999916 0.000798 16.254000 0.060028 -0.001572 0.998195 -0.165600 0.000000 0.000000 0.000000 1.000000
0.998378 -0.019492 -0.053495 -0.000000 0.020037 0.999753 0.009660 16.254000 0.053293 -0.010716 0.998521 -0.165600 0.000000 0.000000 0.000000 1.000000
0.998662 -0.026719 -0.044277 0.000000 0.027192 0.999579 0.010132 16.254000 0.043988 -0.011322 0.998968 -0.165600 0.000000 0.000000 0.000000 1.000000
0.998978 -0.028572 -0.035028 -0.000000 0.028800 0.999567 0.006026 16.254000 0.034841 -0.007028 0.999368 -0.165600 0.000000 0.000000 0.000000 1.000000
0.999353 -0.026000 -0.024843 0.000000 0.026027 0.999661 0.000769 16.254000 0.024814 -0.001415 0.999691 -0.165600 0.000000 0.000000 0.000000 1.000000
0.999730 -0.020028 -0.011749 0.000000 0.019977 0.999790 -0.004469 16.254000 0.011836 0.004233 0.999921 -0.165600 0.000000 0.000000 0.000000 1.000000
0.999910 -0.012883 0.003793 0.000000 0.012906 0.999898 -0.006058 16.254000 -0.003714 0.006106 0.999974 -0.165600 0.000000 0.000000 0.000000 1.000000</float_array><technique_common><accessor source="#swat_Spine1-Matrix-animation-output-transform-array" count="31" stride="16"><param type="float4x4"/></accessor></technique_common></source><source id="swat_Spine1-Interpolations"><Name_array id="swat_Spine1-Interpolations-array" count="31">
 LINEAR LINEAR LINEAR LINEAR LINEAR LINEAR LINEAR LINEAR LINEAR LINEAR LINEAR
LINEAR LINEAR LINEAR LINEAR LINEAR LINEAR LINEAR LINEAR LINEAR LINEAR LINEAR LINEAR
LINEAR LINEAR LINEAR LINEAR LINEAR LINEAR LINEAR LINEAR</Name_array><technique_common><accessor source="#swat_Spine1-Interpolations-array" count="31"><param type="name"/></accessor></technique_common></source><sampler id="swat_Spine1-Matrix-animation-transform"><input semantic="INPUT" source="#swat_Spine1-Matrix-animation-input"/><input semantic="OUTPUT" source="#swat_Spine1-Matrix-animation-output-transform"/><input semantic="INTERPOLATION" source="#swat_Spine1-Interpolations"/></sampler><channel source="#swat_Spine1-Matrix-animation-transform" target="swat_Spine1/matrix"/></animation>
    <animation id="swat_Spine2-anim" name="swat_Spine2"><source id="swat_Spine2-Matrix-animation-input"><float_array id="swat_Spine2-Matrix-animation-input-array" count="31">

0.000000 0.033333 0.066667 0.100000 0.133333 0.166667 0.200000 0.233333 0.266667 0.300000 0.333333 0.366667 0.400000 0.433333 0.466667 0.500000
0.533333 0.566667 0.600000 0.633333 0.666667 0.700000 0.733333 0.766667 0.800000 0.833333 0.866667 0.900000 0.933333 0.966667 1.000000</float_array><technique_common><accessor source="#swat_Spine2-Matrix-animation-input-array" count="31"><param name="TIME" type="float"/></accessor></technique_common></source><source id="swat_Spine2-Matrix-animation-output-transform"><float_array id="swat_Spine2-Matrix-animation-output-transform-array" count="496">

0.999889 -0.008672 0.012085 0.000000 0.008754 0.999939 -0.006719 13.639600 -0.012026 0.006824 0.999904 -1.292300 0.000000 0.000000 0.000000 1.000000
0.999719 -0.002530 0.023558 -0.000000 0.002706 0.999969 -0.007428 13.639600 -0.023538 0.007490 0.999695 -1.292300 0.000000 0.000000 0.000000 1.000000
0.999440 0.000819 0.033457 0.000000 -0.000437 0.999935 -0.011435 13.639600 -0.033464 0.011414 0.999375 -1.292300 0.000000 0.000000 0.000000 1.000000
0.999152 0.002496 0.041091 0.000000 -0.001948 0.999909 -0.013374 13.639600 -0.041120 0.013283 0.999066 -1.292300 0.000000 0.000000 0.000000 1.000000
0.998843 0.005480 0.047770 0.000000 -0.004717 0.999860 -0.016080 13.639600 -0.047851 0.015836 0.998729 -1.292300 0.000000 0.000000 0.000000 1.000000
0.998415 0.009641 0.055454 0.000000 -0.008735 0.999825 -0.016554 13.639600 -0.055604 0.016043 0.998324 -1.292300 0.000000 0.000000 0.000000 1.000000
0.997815 0.014136 0.064539 0.000000 -0.013104 0.999780 -0.016383 13.639600 -0.064756 0.015502 0.997781 -1.292300 0.000000 0.000000 0.000000 1.000000
0.997152 0.017765 0.073296 0.000000 -0.016680 0.999742 -0.015390 13.639600 -0.073550 0.014124 0.997192 -1.292300 0.000000 0.000000 0.000000 1.000000
0.996618 0.020875 0.079482 -0.000000 -0.019886 0.999715 -0.013205 13.639600 -0.079735 0.011580 0.996749 -1.292300 0.000000 0.000000 0.000000 1.000000
0.996374 0.024776 0.081397 0.000000 -0.024467 0.999689 -0.004795 13.639600 -0.081491 0.002787 0.996670 -1.292300 0.000000 0.000000 0.000000 1.000000
0.996475 0.031261 0.077854 0.000000 -0.031840 0.999474 0.006206 13.639600 -0.077619 -0.008663 0.996945 -1.292300 0.000000 0.000000 0.000000 1.000000
0.997035 0.034343 0.068865 0.000000 -0.034991 0.999354 0.008220 13.639600 -0.068538 -0.010605 0.997592 -1.292300 0.000000 0.000000 0.000000 1.000000
0.997864 0.031480 0.057239 -0.000000 -0.031771 0.999486 0.004176 13.639600 -0.057078 -0.005986 0.998352 -1.292300 0.000000 0.000000 0.000000 1.000000
0.998619 0.027034 0.045041 0.000000 -0.027075 0.999633 0.000301 13.639600 -0.045016 -0.001520 0.998985 -1.292300 0.000000 0.000000 0.000000 1.000000
0.999354 0.018458 0.030820 0.000000 -0.018357 0.999825 -0.003568 13.639600 -0.030881 0.002999 0.999519 -1.292300 0.000000 0.000000 0.000000 1.000000
0.999852 0.010539 0.013598 0.000000 -0.010483 0.999936 -0.004171 13.639600 -0.013641 0.004028 0.999899 -1.292300 0.000000 0.000000 0.000000 1.000000
0.999966 0.007009 -0.004246 -0.000000 -0.007031 0.999962 -0.005195 13.639600 0.004209 0.005225 0.999977 -1.292300 0.000000 0.000000 0.000000 1.000000
0.999808 0.006835 -0.018385 -0.000000 -0.006969 0.999950 -0.007218 13.639600 0.018335 0.007345 0.999805 -1.292300 0.000000 0.000000 0.000000 1.000000
0.999603 0.007661 -0.027107 0.000000 -0.007903 0.999930 -0.008823 13.639600 0.027038 0.009033 0.999594 -1.292300 0.000000 0.000000 0.000000 1.000000
0.999448 0.005874 -0.032687 0.000000 -0.006268 0.999909 -0.011971 13.639600 0.032614 0.012170 0.999394 -1.292300 0.000000 0.000000 0.000000 1.000000
0.999243 0.003829 -0.038701 -0.000000 -0.004424 0.999873 -0.015294 13.639600 0.038638 0.015454 0.999134 -1.292300 0.000000 0.000000 0.000000 1.000000
0.998912 0.000012 -0.046625 0.000000 -0.000797 0.999858 -0.016815 13.639600 0.046618 0.016834 0.998771 -1.292300 0.000000 0.000000 0.000000 1.000000
0.998477 -0.003973 -0.055025 0.000000 0.003130 0.999877 -0.015383 13.639600 0.055079 0.015187 0.998366 -1.292300 0.000000 0.000000 0.000000 1.000000
0.998129 -0.008476 -0.060549 0.000000 0.007878 0.999918 -0.010105 13.639600 0.060630 0.009609 0.998114 -1.292300 0.000000 0.000000 0.000000 1.000000
0.998113 -0.012848 -0.060043 0.000000 0.012919 0.999916 0.000798 13.639600 0.060028 -0.001572 0.998195 -1.292300 0.000000 0.000000 0.000000 1.000000
0.998378 -0.019492 -0.053495 0.000000 0.020037 0.999753 0.009660 13.639600 0.053293 -0.010716 0.998521 -1.292300 0.000000 0.000000 0.000000 1.000000
0.998662 -0.026719 -0.044277 -0.000000 0.027192 0.999579 0.010132 13.639600 0.043988 -0.011322 0.998968 -1.292300 0.000000 0.000000 0.000000 1.000000
0.998978 -0.028572 -0.035028 0.000000 0.028800 0.999567 0.006026 13.639600 0.034841 -0.007028 0.999368 -1.292300 0.000000 0.000000 0.000000 1.000000
0.999353 -0.026000 -0.024843 -0.000000 0.026027 0.999661 0.000769 13.639600 0.024814 -0.001415 0.999691 -1.292300 0.000000 0.000000 0.000000 1.000000
0.999730 -0.020028 -0.011749 -0.000000 0.019977 0.999790 -0.004469 13.639600 0.011836 0.004233 0.999921 -1.292300 0.000000 0.000000 0.000000 1.000000
0.999910 -0.012883 0.003793 0.000000 0.012906 0.999898 -0.006058 13.639600 -0.003714 0.006107 0.999974 -1.292300 0.000000 0.000000 0.000000 1.000000</float_array><technique_common><accessor source="#swat_Spine2-Matrix-animation-output-transform-array" count="31" stride="16"><param type="float4x4"/></accessor></technique_common></source><source id="swat_Spine2-Interpolations"><Name_array id="swat_Spine2-Interpolations-array" count="31">
 LINEAR LINEAR LINEAR LINEAR LINEAR LINEAR LINEAR LINEAR LINEAR LINEAR LINEAR
LINEAR LINEAR LINEAR LINEAR LINEAR LINEAR LINEAR LINEAR LINEAR LINEAR LINEAR LINEAR
LINEAR LINEAR LINEAR LINEAR LINEAR LINEAR LINEAR LINEAR</Name_array><technique_common><accessor source="#swat_Spine2-Interpolations-array" count="31"><param type="name"/></accessor></technique_common></source><sampler id="swat_Spine2-Matrix-animation-transform"><input semantic="INPUT" source="#swat_Spine2-Matrix-animation-input"/><input semantic="OUTPUT" source="#swat_Spine2-Matrix-animation-output-transform"/><input semantic="INTERPOLATION" source="#swat_Spine2-Interpolations"/></sampler><channel source="#swat_Spine2-Matrix-animation-transform" target="swat_Spine2/matrix"/></animation>
    <animation id="swat_Neck-anim" name="swat_Neck"><source id="swat_Neck-Matrix-animation-input"><float_array id="swat_Neck-Matrix-animation-input-array" count="31">

0.000000 0.033333 0.066667 0.100000 0.133333 0.166667 0.200000 0.233333 0.266667 0.300000 0.333333 0.366667 0.400000 0.433333 0.466667 0.500000
0.533333 0.566667 0.600000 0.633333 0.666667 0.700000 0.733333 0.766667 0.800000 0.833333 0.866667 0.900000 0.933333 0.966667 1.000000</float_array><technique_common><accessor source="#swat_Neck-Matrix-animation-input-array" count="31"><param name="TIME" type="float"/></accessor></technique_common></source><source id="swat_Neck-Matrix-animation-output-transform"><float_array id="swat_Neck-Matrix-animation-output-transform-array" count="496">

0.999984 0.005273 -0.001991 0.000000 -0.005273 0.999986 0.000003 13.877400 0.001991 0.000007 0.999998 -4.354200 0.000000 0.000000 0.000000 1.000000
0.999994 0.001999 -0.002688 -0.000000 -0.002006 0.999995 -0.002423 13.877400 0.002683 0.002428 0.999993 -4.354200 0.000000 0.000000 0.000000 1.000000
0.999990 -0.002343 -0.003749 0.000000 0.002334 0.999994 -0.002628 13.877400 0.003756 0.002620 0.999990 -4.354200 0.000000 0.000000 0.000000 1.000000
0.999976 -0.005347 -0.004422 0.000000 0.005316 0.999962 -0.006895 13.877400 0.004459 0.006871 0.999966 -4.354200 0.000000 0.000000 0.000000 1.000000
0.999945 -0.009033 -0.005271 0.000000 0.008985 0.999917 -0.009180 13.877400 0.005353 0.009132 0.999944 -4.354200 0.000000 0.000000 0.000000 1.000000
0.999886 -0.013651 -0.006519 -0.000000 0.013577 0.999844 -0.011338 13.877400 0.006673 0.011248 0.999914 -4.354200 0.000000 0.000000 0.000000 1.000000
0.999795 -0.018563 -0.008072 -0.000000 0.018474 0.999768 -0.011034 13.877400 0.008275 0.010883 0.999907 -4.354200 0.000000 0.000000 0.000000 1.000000
0.999725 -0.021573 -0.009240 0.000000 0.021504 0.999741 -0.007514 13.877400 0.009399 0.007313 0.999929 -4.354200 0.000000 0.000000 0.000000 1.000000
0.999728 -0.021330 -0.009393 -0.000000 0.021319 0.999772 -0.001240 13.877400 0.009417 0.001040 0.999955 -4.354200 0.000000 0.000000 0.000000 1.000000
0.999768 -0.019662 -0.008741 0.000000 0.019642 0.999804 -0.002387 13.877400 0.008786 0.002215 0.999959 -4.354200 0.000000 0.000000 0.000000 1.000000
0.999770 -0.019894 -0.008026 0.000000 0.019841 0.999781 -0.006637 13.877400 0.008156 0.006476 0.999946 -4.354200 0.000000 0.000000 0.000000 1.000000
0.999839 -0.016745 -0.006482 -0.000000 0.016719 0.999852 -0.004016 13.877400 0.006548 0.003907 0.999971 -4.354200 0.000000 0.000000 0.000000 1.000000
0.999931 -0.010934 -0.004241 0.000000 0.010918 0.999934 -0.003617 13.877400 0.004280 0.003570 0.999984 -4.354200 0.000000 0.000000 0.000000 1.000000
0.999961 -0.008436 -0.002759 0.000000 0.008416 0.999938 -0.007247 13.877400 0.002820 0.007224 0.999970 -4.354200 0.000000 0.000000 0.000000 1.000000
0.999989 -0.004646 -0.000959 -0.000000 0.004638 0.999949 -0.008944 13.877400 0.001001 0.008939 0.999960 -4.354200 0.000000 0.000000 0.000000 1.000000
0.999997 -0.002419 0.000419 0.000000 0.002424 0.999908 -0.013368 13.877400 -0.000386 0.013369 0.999911 -4.354200 0.000000 0.000000 0.000000 1.000000
0.999997 -0.002175 0.001320 -0.000000 0.002194 0.999885 -0.014986 13.877400 -0.001287 0.014989 0.999887 -4.354200 0.000000 0.000000 0.000000 1.000000
0.999996 -0.001536 0.002187 -0.000000 0.001566 0.999906 -0.013617 13.877400 -0.002166 0.013620 0.999905 -4.354200 0.000000 0.000000 0.000000 1.000000
0.999996 -0.000009 0.002951 0.000000 0.000051 0.999901 -0.014036 13.877400 -0.002951 0.014036 0.999897 -4.354200 0.000000 0.000000 0.000000 1.000000
0.999986 0.003713 0.003854 0.000000 -0.003661 0.999903 -0.013439 13.877400 -0.003904 0.013425 0.999902 -4.354200 0.000000 0.000000 0.000000 1.000000
0.999973 0.006039 0.004244 0.000000 -0.005984 0.999900 -0.012849 13.877400 -0.004321 0.012823 0.999908 -4.354200 0.000000 0.000000 0.000000 1.000000
0.999943 0.009504 0.004904 0.000000 -0.009457 0.999910 -0.009485 13.877400 -0.004993 0.009438 0.999943 -4.354200 0.000000 0.000000 0.000000 1.000000
0.999911 0.012179 0.005505 0.000000 -0.012157 0.999918 -0.003942 13.877400 -0.005552 0.003875 0.999977 -4.354200 0.000000 0.000000 0.000000 1.000000
0.999888 0.013802 0.005843 0.000000 -0.013806 0.999904 0.000725 13.877400 -0.005833 -0.000805 0.999983 -4.354200 0.000000 0.000000 0.000000 1.000000
0.999905 0.012755 0.005294 0.000000 -0.012754 0.999919 -0.000300 13.877400 -0.005297 0.000233 0.999986 -4.354200 0.000000 0.000000 0.000000 1.000000
0.999928 0.011134 0.004381 -0.000000 -0.011136 0.999938 0.000411 13.877400 -0.004377 -0.000460 0.999990 -4.354200 0.000000 0.000000 0.000000 1.000000
0.999948 0.009642 0.003276 0.000000 -0.009660 0.999939 0.005395 13.877400 -0.003223 -0.005426 0.999980 -4.354200 0.000000 0.000000 0.000000 1.000000
0.999982 0.005791 0.001568 0.000000 -0.005804 0.999947 0.008524 13.877400 -0.001518 -0.008533 0.999962 -4.354200 0.000000 0.000000 0.000000 1.000000
0.999994 0.003407 0.000136 0.000000 -0.003408 0.999966 0.007534 13.877400 -0.000110 -0.007535 0.999972 -4.354200 0.000000 0.000000 0.000000 1.000000
0.999996 0.002536 -0.001000 -0.000000 -0.002529 0.999975 0.006570 13.877400 0.001017 -0.006567 0.999978 -4.354200 0.000000 0.000000 0.000000 1.000000
0.999990 0.004113 -0.001650 0.000000 -0.004110 0.999989 0.002125 13.877400 0.001658 -0.002118 0.999996 -4.354200 0.000000 0.000000 0.000000 1.000000</float_array><technique_common><accessor source="#swat_Neck-Matrix-animation-output-transform-array" count="31" stride="16"><param type="float4x4"/></accessor></technique_common></source><source id="swat_Neck-Interpolations"><Name_array id="swat_Neck-Interpolations-array" count="31">
 LINEAR LINEAR LINEAR LINEAR LINEAR LINEAR LINEAR LINEAR LINEAR LINEAR LINEAR
LINEAR LINEAR LINEAR LINEAR LINEAR LINEAR LINEAR LINEAR LINEAR LINEAR LINEAR LINEAR
LINEAR LINEAR LINEAR LINEAR LINEAR LINEAR LINEAR LINEAR</Name_array><technique_common><accessor source="#swat_Neck-Interpolations-array" count="31"><param type="name"/></accessor></technique_common></source><sampler id="swat_Neck-Matrix-animation-transform"><input semantic="INPUT" source="#swat_Neck-Matrix-animation-input"/><input semantic="OUTPUT" source="#swat_Neck-Matrix-animation-output-transform"/><input semantic="INTERPOLATION" source="#swat_Neck-Interpolations"/></sampler><channel source="#swat_Neck-Matrix-animation-transform" target="swat_Neck/matrix"/></animation>
    <animation id="swat_Neck1-anim" name="swat_Neck1"><source id="swat_Neck1-Matrix-animation-input"><float_array id="swat_Neck1-Matrix-animation-input-array" count="31">

0.000000 0.033333 0.066667 0.100000 0.133333 0.166667 0.200000 0.233333 0.266667 0.300000 0.333333 0.366667 0.400000 0.433333 0.466667 0.500000
0.533333 0.566667 0.600000 0.633333 0.666667 0.700000 0.733333 0.766667 0.800000 0.833333 0.866667 0.900000 0.933333 0.966667 1.000000</float_array><technique_common><accessor source="#swat_Neck1-Matrix-animation-input-array" count="31"><param name="TIME" type="float"/></accessor></technique_common></source><source id="swat_Neck1-Matrix-animation-output-transform"><float_array id="swat_Neck1-Matrix-animation-output-transform-array" count="496">

0.999984 0.005273 -0.001991 0.000000 -0.005273 0.999986 0.000003 4.340000 0.001991 0.000008 0.999998 0.926900 0.000000 0.000000 0.000000 1.000000
0.999994 0.001999 -0.002688 0.000000 -0.002006 0.999995 -0.002423 4.340000 0.002683 0.002429 0.999993 0.926900 0.000000 0.000000 0.000000 1.000000
0.999990 -0.002343 -0.003749 0.000000 0.002334 0.999994 -0.002629 4.340000 0.003756 0.002620 0.999990 0.926900 0.000000 0.000000 0.000000 1.000000
0.999976 -0.005347 -0.004422 0.000000 0.005316 0.999962 -0.006895 4.340000 0.004459 0.006871 0.999966 0.926900 0.000000 0.000000 0.000000 1.000000
0.999945 -0.009033 -0.005271 0.000000 0.008985 0.999917 -0.009180 4.340000 0.005353 0.009132 0.999944 0.926900 0.000000 0.000000 0.000000 1.000000
0.999886 -0.013651 -0.006519 0.000000 0.013577 0.999844 -0.011339 4.340000 0.006673 0.011249 0.999914 0.926900 0.000000 0.000000 0.000000 1.000000
0.999795 -0.018563 -0.008072 0.000000 0.018474 0.999768 -0.011034 4.340000 0.008275 0.010883 0.999907 0.926900 0.000000 0.000000 0.000000 1.000000
0.999725 -0.021573 -0.009240 0.000000 0.021504 0.999741 -0.007514 4.340000 0.009399 0.007314 0.999929 0.926900 0.000000 0.000000 0.000000 1.000000
0.999728 -0.021330 -0.009393 0.000000 0.021319 0.999772 -0.001241 4.340000 0.009417 0.001040 0.999955 0.926900 0.000000 0.000000 0.000000 1.000000
0.999768 -0.019662 -0.008741 0.000000 0.019642 0.999804 -0.002387 4.340000 0.008786 0.002215 0.999959 0.926900 0.000000 0.000000 0.000000 1.000000
0.999770 -0.019894 -0.008026 -0.000000 0.019841 0.999781 -0.006637 4.340000 0.008156 0.006476 0.999946 0.926900 0.000000 0.000000 0.000000 1.000000
0.999839 -0.016745 -0.006482 0.000000 0.016720 0.999852 -0.004017 4.340000 0.006548 0.003907 0.999971 0.926900 0.000000 0.000000 0.000000 1.000000
0.999931 -0.010934 -0.004241 -0.000000 0.010918 0.999934 -0.003617 4.340000 0.004280 0.003571 0.999984 0.926900 0.000000 0.000000 0.000000 1.000000
0.999961 -0.008436 -0.002759 -0.000000 0.008416 0.999938 -0.007248 4.340000 0.002820 0.007224 0.999970 0.926900 0.000000 0.000000 0.000000 1.000000
0.999989 -0.004646 -0.000959 -0.000000 0.004638 0.999949 -0.008944 4.340000 0.001001 0.008940 0.999960 0.926900 0.000000 0.000000 0.000000 1.000000
0.999997 -0.002419 0.000419 -0.000000 0.002424 0.999908 -0.013368 4.340000 -0.000386 0.013369 0.999911 0.926900 0.000000 0.000000 0.000000 1.000000
0.999997 -0.002175 0.001320 0.000000 0.002194 0.999885 -0.014986 4.340000 -0.001287 0.014989 0.999887 0.926900 0.000000 0.000000 0.000000 1.000000
0.999996 -0.001536 0.002187 0.000000 0.001566 0.999906 -0.013619 4.340000 -0.002166 0.013622 0.999905 0.926900 0.000000 0.000000 0.000000 1.000000
0.999996 -0.000009 0.002951 0.000000 0.000051 0.999901 -0.014036 4.340000 -0.002951 0.014036 0.999897 0.926900 0.000000 0.000000 0.000000 1.000000
0.999986 0.003713 0.003854 0.000000 -0.003661 0.999903 -0.013439 4.340000 -0.003904 0.013425 0.999902 0.926900 0.000000 0.000000 0.000000 1.000000
0.999973 0.006039 0.004244 -0.000000 -0.005984 0.999900 -0.012849 4.340000 -0.004321 0.012823 0.999908 0.926900 0.000000 0.000000 0.000000 1.000000
0.999943 0.009504 0.004904 0.000000 -0.009457 0.999910 -0.009485 4.340000 -0.004993 0.009438 0.999943 0.926900 0.000000 0.000000 0.000000 1.000000
0.999911 0.012179 0.005505 0.000000 -0.012157 0.999918 -0.003942 4.340000 -0.005552 0.003875 0.999977 0.926900 0.000000 0.000000 0.000000 1.000000
0.999888 0.013802 0.005843 -0.000000 -0.013806 0.999904 0.000725 4.340000 -0.005833 -0.000805 0.999983 0.926900 0.000000 0.000000 0.000000 1.000000
0.999905 0.012755 0.005294 0.000000 -0.012754 0.999919 -0.000300 4.340000 -0.005297 0.000233 0.999986 0.926900 0.000000 0.000000 0.000000 1.000000
0.999928 0.011134 0.004381 0.000000 -0.011136 0.999938 0.000408 4.340000 -0.004377 -0.000457 0.999990 0.926900 0.000000 0.000000 0.000000 1.000000
0.999948 0.009642 0.003276 0.000000 -0.009660 0.999939 0.005394 4.340000 -0.003223 -0.005425 0.999980 0.926900 0.000000 0.000000 0.000000 1.000000
0.999982 0.005791 0.001568 0.000000 -0.005804 0.999947 0.008524 4.340000 -0.001518 -0.008533 0.999962 0.926900 0.000000 0.000000 0.000000 1.000000
0.999994 0.003407 0.000136 0.000000 -0.003408 0.999966 0.007534 4.340000 -0.000110 -0.007534 0.999972 0.926900 0.000000 0.000000 0.000000 1.000000
0.999996 0.002536 -0.001000 0.000000 -0.002529 0.999975 0.006569 4.340000 0.001017 -0.006567 0.999978 0.926900 0.000000 0.000000 0.000000 1.000000
0.999990 0.004113 -0.001650 0.000000 -0.004110 0.999989 0.002125 4.340000 0.001658 -0.002118 0.999996 0.926900 0.000000 0.000000 0.000000 1.000000</float_array><technique_common><accessor source="#swat_Neck1-Matrix-animation-output-transform-array" count="31" stride="16"><param type="float4x4"/></accessor></technique_common></source><source id="swat_Neck1-Interpolations"><Name_array id="swat_Neck1-Interpolations-array" count="31">
 LINEAR LINEAR LINEAR LINEAR LINEAR LINEAR LINEAR LINEAR LINEAR LINEAR LINEAR
LINEAR LINEAR LINEAR LINEAR LINEAR LINEAR LINEAR LINEAR LINEAR LINEAR LINEAR LINEAR
LINEAR LINEAR LINEAR LINEAR LINEAR LINEAR LINEAR LINEAR</Name_array><technique_common><accessor source="#swat_Neck1-Interpolations-array" count="31"><param type="name"/></accessor></technique_common></source><sampler id="swat_Neck1-Matrix-animation-transform"><input semantic="INPUT" source="#swat_Neck1-Matrix-animation-input"/><input semantic="OUTPUT" source="#swat_Neck1-Matrix-animation-output-transform"/><input semantic="INTERPOLATION" source="#swat_Neck1-Interpolations"/></sampler><channel source="#swat_Neck1-Matrix-animation-transform" target="swat_Neck1/matrix"/></animation>
    <animation id="swat_Head-anim" name="swat_Head"><source id="swat_Head-Matrix-animation-input"><float_array id="swat_Head-Matrix-animation-input-array" count="31">

0.000000 0.033333 0.066667 0.100000 0.133333 0.166667 0.200000 0.233333 0.266667 0.300000 0.333333 0.366667 0.400000 0.433333 0.466667 0.500000
0.533333 0.566667 0.600000 0.633333 0.666667 0.700000 0.733333 0.766667 0.800000 0.833333 0.866667 0.900000 0.933333 0.966667 1.000000</float_array><technique_common><accessor source="#swat_Head-Matrix-animation-input-array" count="31"><param name="TIME" type="float"/></accessor></technique_common></source><source id="swat_Head-Matrix-animation-output-transform"><float_array id="swat_Head-Matrix-animation-output-transform-array" count="496">

0.999984 0.005273 -0.001991 0.000000 -0.005273 0.999986 0.000004 4.026600 0.001991 0.000007 0.999998 0.858500 0.000000 0.000000 0.000000 1.000000
0.999994 0.001999 -0.002688 0.000000 -0.002006 0.999995 -0.002423 4.026600 0.002683 0.002428 0.999993 0.858500 0.000000 0.000000 0.000000 1.000000
