<?xml version="1.0" encoding="utf-8"?>
<COLLADA xmlns="http://www.collada.org/2005/11/COLLADASchema" version="1.4.1">
  <asset><contributor><author>Mixamo</author><authoring_tool>COLLADA Mixamo exporter</authoring_tool><comments></comments></contributor><created>2018-06-07T18:24:25Z</created><modified>2018-06-07T18:24:25Z</modified><revision></revision><title></title><unit meter="0.010000"/><up_axis>Y_UP</up_axis></asset>
  <library_animations>
    <animation id="swat_Hips-anim" name="swat_Hips"><source id="swat_Hips-Matrix-animation-input"><float_array id="swat_Hips-Matrix-animation-input-array" count="37">

0.000000 0.033333 0.066667 0.100000 0.133333 0.166667 0.200000 0.233333 0.266667 0.300000 0.333333 0.366667 0.400000 0.433333 0.466667 0.500000
0.533333 0.566667 0.600000 0.633333 0.666667 0.700000 0.733333 0.766667 0.800000 0.833333 0.866667 0.900000 0.933333 0.966667 1.000000 1.033333
1.066667 1.100000 1.133333 1.166667 1.200000</float_array><technique_common><accessor source="#swat_Hips-Matrix-animation-input-array" count="37"><param name="TIME" type="float"/></accessor></technique_common></source><source id="swat_Hips-Matrix-animation-output-transform"><float_array id="swat_Hips-Matrix-animation-output-transform-array" count="592">

0.999955 -0.001071 -0.009411 0.067557 0.001711 0.997666 0.068265 94.564507 0.009316 -0.068278 0.997623 -0.004692 0.000000 0.000000 0.000000 1.000000
0.999979 0.005956 0.002731 -0.085314 -0.006154 0.996823 0.079410 94.559685 -0.002250 -0.079425 0.996838 0.956962 0.000000 0.000000 0.000000 1.000000
0.999828 0.014159 0.011967 -0.169752 -0.015130 0.996228 0.085450 94.361938 -0.010712 -0.085617 0.996271 1.811162 0.000000 0.000000 0.000000 1.000000
0.999573 0.021452 0.019855 -0.124402 -0.023132 0.995792 0.088677 94.007271 -0.017869 -0.089098 0.995863 2.552157 0.000000 0.000000 0.000000 1.000000
0.999244 0.027251 0.027732 0.025870 -0.029577 0.995747 0.087255 93.580513 -0.025236 -0.088009 0.995800 3.093345 0.000000 0.000000 0.000000 1.000000
0.998838 0.028923 0.038549 0.298608 -0.032091 0.995926 0.084266 93.009895 -0.035955 -0.085405 0.995697 3.439644 0.000000 0.000000 0.000000 1.000000
0.998069 0.024598 0.057043 0.754113 -0.028971 0.996598 0.077159 92.270927 -0.054951 -0.078663 0.995386 3.460992 0.000000 0.000000 0.000000 1.000000
0.996487 0.017771 0.081843 1.349545 -0.022749 0.997921 0.060299 91.605743 -0.080602 -0.061949 0.994819 2.998502 0.000000 0.000000 0.000000 1.000000
0.993990 0.007489 0.109212 2.072723 -0.011817 0.999168 0.039042 91.029633 -0.108829 -0.040098 0.993251 2.008904 0.000000 0.000000 0.000000 1.000000
0.991370 -0.008129 0.130843 2.909495 0.005366 0.999755 0.021455 90.662773 -0.130985 -0.020568 0.991171 0.635834 0.000000 0.000000 0.000000 1.000000
0.989671 -0.028188 0.140559 3.787597 0.027138 0.999588 0.009385 90.569702 -0.140766 -0.005473 0.990028 -0.962645 0.000000 0.000000 0.000000 1.000000
0.989680 -0.040953 0.137321 4.385042 0.040654 0.999161 0.004981 90.614120 -0.137410 0.000653 0.990514 -2.543138 0.000000 0.000000 0.000000 1.000000
0.990873 -0.045926 0.126737 4.782460 0.044818 0.998928 0.011581 90.770760 -0.127133 -0.005795 0.991869 -3.706025 0.000000 0.000000 0.000000 1.000000
0.992227 -0.046022 0.115622 5.149629 0.043707 0.998791 0.022479 91.091095 -0.116517 -0.017251 0.993039 -4.236694 0.000000 0.000000 0.000000 1.000000
0.993321 -0.036451 0.109478 5.390848 0.033313 0.998984 0.030359 91.686211 -0.110473 -0.026510 0.993526 -4.276265 0.000000 0.000000 0.000000 1.000000
0.993913 -0.020121 0.108317 5.409098 0.016434 0.999258 0.034824 92.493988 -0.108937 -0.032832 0.993506 -3.994157 0.000000 0.000000 0.000000 1.000000
0.994523 -0.006875 0.104287 5.334665 0.002843 0.999244 0.038761 93.257751 -0.104475 -0.038252 0.993792 -3.527744 0.000000 0.000000 0.000000 1.000000
0.995314 -0.001069 0.096686 5.328119 -0.002935 0.999144 0.041267 93.807022 -0.096648 -0.041357 0.994459 -2.983973 0.000000 0.000000 0.000000 1.000000
0.995873 -0.000067 0.090758 5.361400 -0.003958 0.999016 0.044164 94.050888 -0.090672 -0.044341 0.994893 -2.293449 0.000000 0.000000 0.000000 1.000000
0.996392 -0.003245 0.084811 5.403967 -0.001069 0.998710 0.050762 94.012169 -0.084866 -0.050670 0.995103 -1.480500 0.000000 0.000000 0.000000 1.000000
0.996812 -0.009470 0.079228 5.405647 0.004772 0.998230 0.059275 93.678490 -0.079649 -0.058708 0.995093 -0.669738 0.000000 0.000000 0.000000 1.000000
0.996965 -0.015158 0.076364 5.290351 0.010105 0.997759 0.066136 93.132072 -0.077195 -0.065164 0.994884 0.054774 0.000000 0.000000 0.000000 1.000000
0.996981 -0.018732 0.075358 5.023602 0.013839 0.997794 0.064933 92.536392 -0.076409 -0.063694 0.995040 0.602918 0.000000 0.000000 0.000000 1.000000
0.996973 -0.019663 0.075227 4.619226 0.015304 0.998194 0.058085 91.904945 -0.076233 -0.056758 0.995473 0.932960 0.000000 0.000000 0.000000 1.000000
0.997518 -0.018446 0.067951 4.053082 0.015172 0.998713 0.048390 91.235390 -0.068756 -0.047239 0.996514 1.006267 0.000000 0.000000 0.000000 1.000000
0.998640 -0.018343 0.048810 3.435805 0.016655 0.999256 0.034782 90.693756 -0.049412 -0.033922 0.998202 0.832260 0.000000 0.000000 0.000000 1.000000
0.999564 -0.018177 0.023265 2.775237 0.017778 0.999693 0.017273 90.236206 -0.023572 -0.016852 0.999580 0.316869 0.000000 0.000000 0.000000 1.000000
0.999898 -0.013725 -0.003892 2.029766 0.013733 0.999903 0.002183 89.939438 0.003862 -0.002236 0.999990 -0.593389 0.000000 0.000000 0.000000 1.000000
0.999676 -0.005659 -0.024828 1.325973 0.005553 0.999975 -0.004372 89.903069 0.024852 0.004232 0.999682 -1.692397 0.000000 0.000000 0.000000 1.000000
0.999576 0.002023 -0.029034 0.815511 -0.002094 0.999995 -0.002413 89.965553 0.029029 0.002473 0.999576 -2.585824 0.000000 0.000000 0.000000 1.000000
0.999759 0.008637 -0.020205 0.377365 -0.008519 0.999946 0.005907 90.111000 0.020255 -0.005733 0.999778 -3.284002 0.000000 0.000000 0.000000 1.000000
0.999941 0.007181 -0.008162 -0.012668 -0.007023 0.999792 0.019158 90.692421 0.008297 -0.019100 0.999783 -3.936534 0.000000 0.000000 0.000000 1.000000
0.999993 -0.003764 -0.000251 -0.211157 0.003771 0.999350 0.035847 91.921547 0.000116 -0.035848 0.999357 -3.931268 0.000000 0.000000 0.000000 1.000000
0.999956 -0.009368 0.001027 -0.288482 0.009307 0.998781 0.048467 92.782402 -0.001480 -0.048455 0.998824 -3.272892 0.000000 0.000000 0.000000 1.000000
0.999958 -0.008809 -0.002431 -0.274101 0.008932 0.998381 0.056175 93.474731 0.001932 -0.056194 0.998418 -2.393797 0.000000 0.000000 0.000000 1.000000
0.999939 -0.008287 -0.007240 -0.162686 0.008719 0.998051 0.061786 93.995544 0.006714 -0.061845 0.998063 -1.465376 0.000000 0.000000 0.000000 1.000000
0.999942 -0.005003 -0.009520 -0.005272 0.005619 0.997814 0.065844 94.408653 0.009169 -0.065894 0.997785 -0.507316 0.000000 0.000000 0.000000 1.000000</float_array><technique_common><accessor source="#swat_Hips-Matrix-animation-output-transform-array" count="37" stride="16"><param type="float4x4"/></accessor></technique_common></source><source id="swat_Hips-Interpolations"><Name_array id="swat_Hips-Interpolations-array" count="37">
 LINEAR LINEAR LINEAR LINEAR LINEAR LINEAR LINEAR LINEAR LINEAR LINEAR LINEAR
LINEAR LINEAR LINEAR LINEAR LINEAR LINEAR LINEAR LINEAR LINEAR LINEAR LINEAR LINEAR
LINEAR LINEAR LINEAR LINEAR LINEAR LINEAR LINEAR LINEAR LINEAR LINEAR LINEAR LINEAR
LINEAR LINEAR</Name_array><technique_common><accessor source="#swat_Hips-Interpolations-array" count="37"><param type="name"/></accessor></technique_common></source><sampler id="swat_Hips-Matrix-animation-transform"><input semantic="INPUT" source="#swat_Hips-Matrix-animation-input"/><input semantic="OUTPUT" source="#swat_Hips-Matrix-animation-output-transform"/><input semantic="INTERPOLATION" source="#swat_Hips-Interpolations"/></sampler><channel source="#swat_Hips-Matrix-animation-transform" target="swat_Hips/matrix"/></animation>
    <animation id="swat_Spine-anim" name="swat_Spine"><source id="swat_Spine-Matrix-animation-input"><float_array id="swat_Spine-Matrix-animation-input-array" count="37">

0.000000 0.033333 0.066667 0.100000 0.133333 0.166667 0.200000 0.233333 0.266667 0.300000 0.333333 0.366667 0.400000 0.433333 0.466667 0.500000
0.533333 0.566667 0.600000 0.633333 0.666667 0.700000 0.733333 0.766667 0.800000 0.833333 0.866667 0.900000 0.933333 0.966667 1.000000 1.033333
1.066667 1.100000 1.133333 1.166667 1.200000</float_array><technique_common><accessor source="#swat_Spine-Matrix-animation-input-array" count="37"><param name="TIME" type="float"/></accessor></technique_common></source><source id="swat_Spine-Matrix-animation-output-transform"><float_array id="swat_Spine-Matrix-animation-output-transform-array" count="592">

0.999427 -0.001851 0.033808 0.000000 0.006340 0.991072 -0.133176 9.226300 -0.033260 0.133314 0.990516 1.577100 0.000000 0.000000 0.000000 1.000000
0.999838 -0.012305 0.013171 0.000000 0.013892 0.991663 -0.128107 9.226300 -0.011485 0.128269 0.991673 1.577100 0.000000 0.000000 0.000000 1.000000
0.999718 -0.022749 -0.006789 0.000000 0.021773 0.992572 -0.119692 9.226300 0.009461 0.119510 0.992788 1.577100 0.000000 0.000000 0.000000 1.000000
0.999096 -0.032663 -0.027202 0.000000 0.029486 0.993499 -0.109959 9.226300 0.030617 0.109058 0.993564 1.577100 0.000000 0.000000 0.000000 1.000000
0.998034 -0.040718 -0.047653 0.000000 0.035845 0.994442 -0.098994 9.226300 0.051419 0.097091 0.993946 1.577100 0.000000 0.000000 0.000000 1.000000
0.996851 -0.044462 -0.065663 0.000000 0.038475 0.995218 -0.089784 9.226300 0.069341 0.086975 0.993794 1.577100 0.000000 0.000000 0.000000 1.000000
0.995519 -0.043858 -0.083780 0.000000 0.036949 0.995922 -0.082310 9.226300 0.087049 0.078845 0.993079 1.577100 0.000000 0.000000 0.000000 1.000000
0.994267 -0.040456 -0.098982 -0.000000 0.033197 0.996712 -0.073916 9.226300 0.101647 0.070207 0.992340 1.577100 0.000000 0.000000 0.000000 1.000000
0.993440 -0.032854 -0.109534 -0.000000 0.025083 0.997119 -0.071583 9.226300 0.111570 0.068366 0.991402 1.577100 0.000000 0.000000 0.000000 1.000000
0.993100 -0.020882 -0.115396 -0.000000 0.011793 0.996813 -0.078895 9.226300 0.116675 0.076990 0.990182 1.577100 0.000000 0.000000 0.000000 1.000000
0.993584 -0.004934 -0.112990 0.000000 -0.005804 0.995507 -0.094511 9.226300 0.112948 0.094561 0.989091 1.577100 0.000000 0.000000 0.000000 1.000000
0.994725 0.009215 -0.102166 0.000000 -0.021370 0.992720 -0.118533 9.226300 0.100330 0.120091 0.987680 1.577100 0.000000 0.000000 0.000000 1.000000
0.995707 0.017494 -0.090889 0.000000 -0.030714 0.988785 -0.146154 9.226300 0.087312 0.148319 0.985078 1.577100 0.000000 0.000000 0.000000 1.000000
0.996678 0.019053 -0.079189 0.000000 -0.032054 0.985552 -0.166314 9.226300 0.074876 0.168299 0.982888 1.577100 0.000000 0.000000 0.000000 1.000000
0.997488 0.009928 -0.070141 -0.000000 -0.022075 0.984392 -0.174599 9.226300 0.067313 0.175708 0.982138 1.577100 0.000000 0.000000 0.000000 1.000000
0.997947 -0.003861 -0.063930 0.000000 -0.007392 0.984565 -0.174863 9.226300 0.063619 0.174977 0.982515 1.577100 0.000000 0.000000 0.000000 1.000000
0.998607 -0.011788 -0.051438 0.000000 0.002771 0.985099 -0.171963 9.226300 0.052699 0.171581 0.983759 1.577100 0.000000 0.000000 0.000000 1.000000
0.999358 -0.014286 -0.032861 0.000000 0.008644 0.986116 -0.165830 9.226300 0.034774 0.165440 0.985607 1.577100 0.000000 0.000000 0.000000 1.000000
0.999780 -0.014719 -0.014965 0.000000 0.012212 0.987738 -0.155641 9.226300 0.017073 0.155424 0.987700 1.577100 0.000000 0.000000 0.000000 1.000000
0.999916 -0.012868 0.001228 0.000000 0.012910 0.989227 -0.145818 9.226300 0.000661 0.145822 0.989311 1.577100 0.000000 0.000000 0.000000 1.000000
0.999776 -0.007788 0.019662 0.000000 0.010424 0.990416 -0.137725 9.226300 -0.018401 0.137899 0.990275 1.577100 0.000000 0.000000 0.000000 1.000000
0.999245 -0.001391 0.038815 0.000000 0.006442 0.991453 -0.130307 9.226300 -0.038302 0.130459 0.990714 1.577100 0.000000 0.000000 0.000000 1.000000
0.998381 0.004407 0.056702 0.000000 0.002344 0.992959 -0.118433 9.226300 -0.056825 0.118374 0.991342 1.577100 0.000000 0.000000 0.000000 1.000000
0.997207 0.008682 0.074177 0.000000 -0.000801 0.994406 -0.105622 9.226300 -0.074680 0.105268 0.991636 1.577100 0.000000 0.000000 0.000000 1.000000
0.995522 0.013524 0.093558 0.000000 -0.004457 0.995328 -0.096445 9.226300 -0.094426 0.095596 0.990931 1.577100 0.000000 0.000000 0.000000 1.000000
0.993421 0.018804 0.112965 0.000000 -0.008933 0.996146 -0.087255 9.226300 -0.114170 0.085672 0.989760 1.577100 0.000000 0.000000 0.000000 1.000000
0.991608 0.021768 0.127433 0.000000 -0.011743 0.996813 -0.078900 9.226300 -0.128745 0.076742 0.988704 1.577100 0.000000 0.000000 0.000000 1.000000
0.990735 0.019488 0.134400 0.000000 -0.008922 0.996852 -0.078781 9.226300 -0.135513 0.076852 0.987791 1.577100 0.000000 0.000000 0.000000 1.000000
0.991001 0.012910 0.133229 0.000000 -0.000947 0.995989 -0.089472 9.226300 -0.133850 0.088541 0.987038 1.577100 0.000000 0.000000 0.000000 1.000000
0.992722 0.003844 0.120371 0.000000 0.008668 0.994617 -0.103254 9.226300 -0.120120 0.103546 0.987345 1.577100 0.000000 0.000000 0.000000 1.000000
0.995100 -0.003369 0.098816 -0.000000 0.015329 0.992593 -0.120519 9.226300 -0.097678 0.121443 0.987781 1.577100 0.000000 0.000000 0.000000 1.000000
0.996911 0.001126 0.078532 -0.000000 0.010678 0.988669 -0.149728 9.226300 -0.077810 0.150104 0.985603 1.577100 0.000000 0.000000 0.000000 1.000000
0.997721 0.013766 0.066059 0.000000 -0.002502 0.985843 -0.167652 9.226300 -0.067432 0.167105 0.983631 1.577100 0.000000 0.000000 0.000000 1.000000
0.998088 0.018689 0.058909 0.000000 -0.008551 0.985776 -0.167850 9.226300 -0.061208 0.167025 0.984051 1.577100 0.000000 0.000000 0.000000 1.000000
0.998493 0.015111 0.052760 0.000000 -0.006490 0.987113 -0.159896 9.226300 -0.054496 0.159312 0.985723 1.577100 0.000000 0.000000 0.000000 1.000000
0.998760 0.010625 0.048635 0.000000 -0.003221 0.988703 -0.149852 9.226300 -0.049678 0.149510 0.987511 1.577100 0.000000 0.000000 0.000000 1.000000
0.999174 0.003476 0.040495 0.000000 0.002172 0.990347 -0.138595 9.226300 -0.040586 0.138568 0.989521 1.577100 0.000000 0.000000 0.000000 1.000000</float_array><technique_common><accessor source="#swat_Spine-Matrix-animation-output-transform-array" count="37" stride="16"><param type="float4x4"/></accessor></technique_common></source><source id="swat_Spine-Interpolations"><Name_array id="swat_Spine-Interpolations-array" count="37">
 LINEAR LINEAR LINEAR LINEAR LINEAR LINEAR LINEAR LINEAR LINEAR LINEAR LINEAR
LINEAR LINEAR LINEAR LINEAR LINEAR LINEAR LINEAR LINEAR LINEAR LINEAR LINEAR LINEAR
LINEAR LINEAR LINEAR LINEAR LINEAR LINEAR LINEAR LINEAR LINEAR LINEAR LINEAR LINEAR
LINEAR LINEAR</Name_array><technique_common><accessor source="#swat_Spine-Interpolations-array" count="37"><param type="name"/></accessor></technique_common></source><sampler id="swat_Spine-Matrix-animation-transform"><input semantic="INPUT" source="#swat_Spine-Matrix-animation-input"/><input semantic="OUTPUT" source="#swat_Spine-Matrix-animation-output-transform"/><input semantic="INTERPOLATION" source="#swat_Spine-Interpolations"/></sampler><channel source="#swat_Spine-Matrix-animation-transform" target="swat_Spine/matrix"/></animation>
    <animation id="swat_Spine1-anim" name="swat_Spine1"><source id="swat_Spine1-Matrix-animation-input"><float_array id="swat_Spine1-Matrix-animation-input-array" count="37">

0.000000 0.033333 0.066667 0.100000 0.133333 0.166667 0.200000 0.233333 0.266667 0.300000 0.333333 0.366667 0.400000 0.433333 0.466667 0.500000
0.533333 0.566667 0.600000 0.633333 0.666667 0.700000 0.733333 0.766667 0.800000 0.833333 0.866667 0.900000 0.933333 0.966667 1.000000 1.033333
1.066667 1.100000 1.133333 1.166667 1.200000</float_array><technique_common><accessor source="#swat_Spine1-Matrix-animation-input-array" count="37"><param name="TIME" type="float"/></accessor></technique_common></source><source id="swat_Spine1-Matrix-animation-output-transform"><float_array id="swat_Spine1-Matrix-animation-output-transform-array" count="592">

0.999933 -0.006498 0.009532 0.000000 0.006652 0.999846 -0.016227 16.254000 -0.009425 0.016290 0.999823 -0.165600 0.000000 0.000000 0.000000 1.000000
0.999962 -0.007909 0.003703 0.000000 0.007967 0.999840 -0.016004 16.254000 -0.003575 0.016033 0.999865 -0.165600 0.000000 0.000000 0.000000 1.000000
0.999956 -0.009212 -0.001927 0.000000 0.009181 0.999841 -0.015298 16.254000 0.002067 0.015279 0.999881 -0.165600 0.000000 0.000000 0.000000 1.000000
0.999919 -0.010110 -0.007709 0.000000 0.009997 0.999844 -0.014564 16.254000 0.007855 0.014485 0.999864 -0.165600 0.000000 0.000000 0.000000 1.000000
0.999853 -0.010594 -0.013509 0.000000 0.010407 0.999851 -0.013804 16.254000 0.013653 0.013662 0.999813 -0.165600 0.000000 0.000000 0.000000 1.000000
0.999769 -0.010833 -0.018587 -0.000000 0.010588 0.999856 -0.013237 16.254000 0.018727 0.013037 0.999740 -0.165600 0.000000 0.000000 0.000000 1.000000
0.999670 -0.009859 -0.023722 0.000000 0.009570 0.999879 -0.012281 16.254000 0.023840 0.012050 0.999643 -0.165600 0.000000 0.000000 0.000000 1.000000
0.999571 -0.008438 -0.028030 0.000000 0.008138 0.999908 -0.010825 16.254000 0.028119 0.010592 0.999548 -0.165600 0.000000 0.000000 0.000000 1.000000
0.999497 -0.007016 -0.030925 0.000000 0.006709 0.999927 -0.010032 16.254000 0.030993 0.009819 0.999471 -0.165600 0.000000 0.000000 0.000000 1.000000
0.999468 -0.004520 -0.032306 0.000000 0.004157 0.999928 -0.011283 16.254000 0.032354 0.011142 0.999414 -0.165600 0.000000 0.000000 0.000000 1.000000
0.999512 -0.001352 -0.031204 0.000000 0.000904 0.999896 -0.014360 16.254000 0.031220 0.014325 0.999410 -0.165600 0.000000 0.000000 0.000000 1.000000
0.999615 0.000571 -0.027726 0.000000 -0.001072 0.999836 -0.018056 16.254000 0.027711 0.018078 0.999452 -0.165600 0.000000 0.000000 0.000000 1.000000
0.999704 0.001878 -0.024273 0.000000 -0.002414 0.999753 -0.022072 16.254000 0.024226 0.022124 0.999462 -0.165600 0.000000 0.000000 0.000000 1.000000
0.999780 0.001663 -0.020912 0.000000 -0.002197 0.999671 -0.025536 16.254000 0.020863 0.025576 0.999455 -0.165600 0.000000 0.000000 0.000000 1.000000
0.999825 -0.000504 -0.018699 0.000000 0.000012 0.999654 -0.026315 16.254000 0.018706 0.026310 0.999479 -0.165600 0.000000 0.000000 0.000000 1.000000
0.999840 -0.003682 -0.017483 0.000000 0.003253 0.999695 -0.024471 16.254000 0.017567 0.024410 0.999548 -0.165600 0.000000 0.000000 0.000000 1.000000
0.999877 -0.006278 -0.014388 0.000000 0.005956 0.999734 -0.022282 16.254000 0.014524 0.022194 0.999648 -0.165600 0.000000 0.000000 0.000000 1.000000
0.999927 -0.007512 -0.009465 0.000000 0.007320 0.999770 -0.020183 16.254000 0.009614 0.020112 0.999751 -0.165600 0.000000 0.000000 0.000000 1.000000
0.999957 -0.008015 -0.004686 -0.000000 0.007929 0.999804 -0.018119 16.254000 0.004831 0.018081 0.999825 -0.165600 0.000000 0.000000 0.000000 1.000000
0.999973 -0.007409 -0.000319 -0.000000 0.007402 0.999834 -0.016669 16.254000 0.000442 0.016666 0.999861 -0.165600 0.000000 0.000000 0.000000 1.000000
0.999967 -0.006538 0.004807 0.000000 0.006614 0.999851 -0.015965 16.254000 -0.004702 0.015997 0.999861 -0.165600 0.000000 0.000000 0.000000 1.000000
0.999930 -0.005963 0.010255 0.000000 0.006123 0.999859 -0.015657 16.254000 -0.010160 0.015718 0.999825 -0.165600 0.000000 0.000000 0.000000 1.000000
0.999868 -0.005126 0.015406 0.000000 0.005349 0.999881 -0.014502 16.254000 -0.015330 0.014582 0.999776 -0.165600 0.000000 0.000000 0.000000 1.000000
0.999779 -0.004746 0.020475 0.000000 0.005012 0.999903 -0.012973 16.254000 -0.020411 0.013072 0.999706 -0.165600 0.000000 0.000000 0.000000 1.000000
0.999646 -0.004777 0.026160 0.000000 0.005085 0.999919 -0.011706 16.254000 -0.026101 0.011835 0.999589 -0.165600 0.000000 0.000000 0.000000 1.000000
0.999484 -0.004181 0.031839 0.000000 0.004535 0.999928 -0.011077 16.254000 -0.031791 0.011216 0.999432 -0.165600 0.000000 0.000000 0.000000 1.000000
0.999343 -0.003785 0.036045 -0.000000 0.004186 0.999930 -0.011062 16.254000 -0.036001 0.011205 0.999289 -0.165600 0.000000 0.000000 0.000000 1.000000
0.999271 -0.004300 0.037940 0.000000 0.004770 0.999913 -0.012319 16.254000 -0.037884 0.012491 0.999204 -0.165600 0.000000 0.000000 0.000000 1.000000
0.999285 -0.005650 0.037395 0.000000 0.006210 0.999870 -0.014877 16.254000 -0.037306 0.015099 0.999190 -0.165600 0.000000 0.000000 0.000000 1.000000
0.999408 -0.007625 0.033561 0.000000 0.008275 0.999780 -0.019266 16.254000 -0.033406 0.019532 0.999251 -0.165600 0.000000 0.000000 0.000000 1.000000
0.999579 -0.009694 0.027361 0.000000 0.010375 0.999637 -0.024847 16.254000 -0.027111 0.025121 0.999317 -0.165600 0.000000 0.000000 0.000000 1.000000
0.999712 -0.010247 0.021706 -0.000000 0.010794 0.999622 -0.025271 16.254000 -0.021439 0.025498 0.999445 -0.165600 0.000000 0.000000 0.000000 1.000000
0.999787 -0.008829 0.018642 -0.000000 0.009311 0.999621 -0.025896 16.254000 -0.018406 0.026064 0.999491 -0.165600 0.000000 0.000000 0.000000 1.000000
0.999832 -0.007293 0.016834 -0.000000 0.007715 0.999654 -0.025162 16.254000 -0.016645 0.025287 0.999542 -0.165600 0.000000 0.000000 0.000000 1.000000
0.999867 -0.006379 0.015027 0.000000 0.006718 0.999721 -0.022624 16.254000 -0.014878 0.022722 0.999631 -0.165600 0.000000 0.000000 0.000000 1.000000
0.999886 -0.006087 0.013808 0.000000 0.006360 0.999784 -0.019805 16.254000 -0.013684 0.019891 0.999709 -0.165600 0.000000 0.000000 0.000000 1.000000
0.999914 -0.006316 0.011471 0.000000 0.006512 0.999832 -0.017150 16.254000 -0.011360 0.017223 0.999787 -0.165600 0.000000 0.000000 0.000000 1.000000</float_array><technique_common><accessor source="#swat_Spine1-Matrix-animation-output-transform-array" count="37" stride="16"><param type="float4x4"/></accessor></technique_common></source><source id="swat_Spine1-Interpolations"><Name_array id="swat_Spine1-Interpolations-array" count="37">
 LINEAR LINEAR LINEAR LINEAR LINEAR LINEAR LINEAR LINEAR LINEAR LINEAR LINEAR
LINEAR LINEAR LINEAR LINEAR LINEAR LINEAR LINEAR LINEAR LINEAR LINEAR LINEAR LINEAR
LINEAR LINEAR LINEAR LINEAR LINEAR LINEAR LINEAR LINEAR LINEAR LINEAR LINEAR LINEAR
LINEAR LINEAR</Name_array><technique_common><accessor source="#swat_Spine1-Interpolations-array" count="37"><param type="name"/></accessor></technique_common></source><sampler id="swat_Spine1-Matrix-animation-transform"><input semantic="INPUT" source="#swat_Spine1-Matrix-animation-input"/><input semantic="OUTPUT" source="#swat_Spine1-Matrix-animation-output-transform"/><input semantic="INTERPOLATION" source="#swat_Spine1-Interpolations"/></sampler><channel source="#swat_Spine1-Matrix-animation-transform" target="swat_Spine1/matrix"/></animation>
    <animation id="swat_Spine2-anim" name="swat_Spine2"><source id="swat_Spine2-Matrix-animation-input"><float_array id="swat_Spine2-Matrix-animation-input-array" count="37">

0.000000 0.033333 0.066667 0.100000 0.133333 0.166667 0.200000 0.233333 0.266667 0.300000 0.333333 0.366667 0.400000 0.433333 0.466667 0.500000
0.533333 0.566667 0.600000 0.633333 0.666667 0.700000 0.733333 0.766667 0.800000 0.833333 0.866667 0.900000 0.933333 0.966667 1.000000 1.033333
1.066667 1.100000 1.133333 1.166667 1.200000</float_array><technique_common><accessor source="#swat_Spine2-Matrix-animation-input-array" count="37"><param name="TIME" type="float"/></accessor></technique_common></source><source id="swat_Spine2-Matrix-animation-output-transform"><float_array id="swat_Spine2-Matrix-animation-output-transform-array" count="592">

0.999936 -0.006453 0.009312 0.000000 0.006604 0.999846 -0.016281 13.639600 -0.009206 0.016341 0.999824 -1.292300 0.000000 0.000000 0.000000 1.000000
0.999963 -0.007918 0.003503 0.000000 0.007973 0.999840 -0.016021 13.639600 -0.003376 0.016048 0.999866 -1.292300 0.000000 0.000000 0.000000 1.000000
0.999955 -0.009269 -0.002094 0.000000 0.009236 0.999841 -0.015278 13.639600 0.002235 0.015258 0.999881 -1.292300 0.000000 0.000000 0.000000 1.000000
0.999917 -0.010211 -0.007831 0.000000 0.010096 0.999844 -0.014509 13.639600 0.007978 0.014428 0.999864 -1.292300 0.000000 0.000000 0.000000 1.000000
0.999850 -0.010732 -0.013581 0.000000 0.010546 0.999850 -0.013723 13.639600 0.013726 0.013578 0.999814 -1.292300 0.000000 0.000000 0.000000 1.000000
0.999766 -0.011005 -0.018621 0.000000 0.010761 0.999856 -0.013142 13.639600 0.018763 0.012938 0.999740 -1.292300 0.000000 0.000000 0.000000 1.000000
0.999668 -0.010051 -0.023721 0.000000 0.009764 0.999878 -0.012200 13.639600 0.023841 0.011964 0.999644 -1.292300 0.000000 0.000000 0.000000 1.000000
0.999571 -0.008631 -0.028005 0.000000 0.008332 0.999907 -0.010779 13.639600 0.028096 0.010541 0.999550 -1.292300 0.000000 0.000000 0.000000 1.000000
0.999497 -0.007209 -0.030892 -0.000000 0.006902 0.999926 -0.010024 13.639600 0.030962 0.009805 0.999472 -1.292300 0.000000 0.000000 0.000000 1.000000
0.999468 -0.004744 -0.032253 0.000000 0.004381 0.999926 -0.011334 13.639600 0.032304 0.011187 0.999415 -1.292300 0.000000 0.000000 0.000000 1.000000
0.999514 -0.001628 -0.031129 -0.000000 0.001178 0.999895 -0.014469 13.639600 0.031150 0.014426 0.999411 -1.292300 0.000000 0.000000 0.000000 1.000000
0.999617 0.000262 -0.027665 0.000000 -0.000765 0.999835 -0.018169 13.639600 0.027656 0.018183 0.999452 -1.292300 0.000000 0.000000 0.000000 1.000000
0.999705 0.001551 -0.024226 0.000000 -0.002089 0.999752 -0.022177 13.639600 0.024185 0.022221 0.999460 -1.292300 0.000000 0.000000 0.000000 1.000000
0.999781 0.001337 -0.020890 0.000000 -0.001872 0.999670 -0.025615 13.639600 0.020849 0.025648 0.999454 -1.292300 0.000000 0.000000 0.000000 1.000000
0.999825 -0.000809 -0.018701 0.000000 0.000316 0.999653 -0.026357 13.639600 0.018715 0.026346 0.999478 -1.292300 0.000000 0.000000 0.000000 1.000000
0.999839 -0.003953 -0.017516 0.000000 0.003524 0.999694 -0.024474 13.639600 0.017608 0.024408 0.999547 -1.292300 0.000000 0.000000 0.000000 1.000000
0.999874 -0.006492 -0.014478 0.000000 0.006169 0.999733 -0.022256 13.639600 0.014618 0.022164 0.999647 -1.292300 0.000000 0.000000 0.000000 1.000000
0.999925 -0.007652 -0.009594 -0.000000 0.007457 0.999769 -0.020154 13.639600 0.009746 0.020081 0.999751 -1.292300 0.000000 0.000000 0.000000 1.000000
0.999956 -0.008091 -0.004835 0.000000 0.008002 0.999804 -0.018103 13.639600 0.004980 0.018063 0.999824 -1.292300 0.000000 0.000000 0.000000 1.000000
0.999972 -0.007432 -0.000459 0.000000 0.007423 0.999833 -0.016672 13.639600 0.000583 0.016668 0.999861 -1.292300 0.000000 0.000000 0.000000 1.000000
0.999968 -0.006507 0.004664 0.000000 0.006581 0.999850 -0.015990 13.639600 -0.004560 0.016021 0.999861 -1.292300 0.000000 0.000000 0.000000 1.000000
0.999932 -0.005879 0.010092 -0.000000 0.006037 0.999858 -0.015708 13.639600 -0.009998 0.015768 0.999826 -1.292300 0.000000 0.000000 0.000000 1.000000
0.999871 -0.004998 0.015235 0.000000 0.005221 0.999880 -0.014579 13.639600 -0.015160 0.014656 0.999778 -1.292300 0.000000 0.000000 0.000000 1.000000
0.999784 -0.004590 0.020291 0.000000 0.004856 0.999903 -0.013082 13.639600 -0.020229 0.013178 0.999709 -1.292300 0.000000 0.000000 0.000000 1.000000
0.999653 -0.004598 0.025951 0.000000 0.004907 0.999918 -0.011867 13.639600 -0.025895 0.011990 0.999593 -1.292300 0.000000 0.000000 0.000000 1.000000
0.999492 -0.003968 0.031619 -0.000000 0.004327 0.999927 -0.011286 13.639600 -0.031572 0.011418 0.999436 -1.292300 0.000000 0.000000 0.000000 1.000000
0.999352 -0.003536 0.035816 0.000000 0.003943 0.999928 -0.011314 13.639600 -0.035773 0.011448 0.999294 -1.292300 0.000000 0.000000 0.000000 1.000000
0.999281 -0.003999 0.037692 0.000000 0.004477 0.999910 -0.012610 13.639600 -0.037638 0.012770 0.999210 -1.292300 0.000000 0.000000 0.000000 1.000000
0.999297 -0.005288 0.037117 0.000000 0.005855 0.999867 -0.015195 13.639600 -0.037032 0.015402 0.999195 -1.292300 0.000000 0.000000 0.000000 1.000000
0.999420 -0.007286 0.033256 0.000000 0.007940 0.999777 -0.019567 13.639600 -0.033106 0.019820 0.999255 -1.292300 0.000000 0.000000 0.000000 1.000000
0.999590 -0.009457 0.027009 0.000000 0.010136 0.999634 -0.025102 13.639600 -0.026761 0.025366 0.999320 -1.292300 0.000000 0.000000 0.000000 1.000000
0.999723 -0.009975 0.021313 0.000000 0.010517 0.999620 -0.025475 13.639600 -0.021051 0.025693 0.999448 -1.292300 0.000000 0.000000 0.000000 1.000000
0.999797 -0.008553 0.018227 -0.000000 0.009027 0.999620 -0.026052 13.639600 -0.017997 0.026211 0.999494 -1.292300 0.000000 0.000000 0.000000 1.000000
0.999840 -0.007050 0.016444 0.000000 0.007464 0.999652 -0.025282 13.639600 -0.016260 0.025401 0.999545 -1.292300 0.000000 0.000000 0.000000 1.000000
0.999873 -0.006181 0.014696 0.000000 0.006514 0.999721 -0.022717 13.639600 -0.014552 0.022810 0.999634 -1.292300 0.000000 0.000000 0.000000 1.000000
0.999891 -0.005929 0.013521 0.000000 0.006197 0.999783 -0.019884 13.639600 -0.013400 0.019966 0.999711 -1.292300 0.000000 0.000000 0.000000 1.000000
0.999918 -0.006140 0.011219 -0.000000 0.006333 0.999832 -0.017214 13.639600 -0.011112 0.017284 0.999789 -1.292300 0.000000 0.000000 0.000000 1.000000</float_array><technique_common><accessor source="#swat_Spine2-Matrix-animation-output-transform-array" count="37" stride="16"><param type="float4x4"/></accessor></technique_common></source><source id="swat_Spine2-Interpolations"><Name_array id="swat_Spine2-Interpolations-array" count="37">
 LINEAR LINEAR LINEAR LINEAR LINEAR LINEAR LINEAR LINEAR LINEAR LINEAR LINEAR
LINEAR LINEAR LINEAR LINEAR LINEAR LINEAR LINEAR LINEAR LINEAR LINEAR LINEAR LINEAR
LINEAR LINEAR LINEAR LINEAR LINEAR LINEAR LINEAR LINEAR LINEAR LINEAR LINEAR LINEAR
LINEAR LINEAR</Name_array><technique_common><accessor source="#swat_Spine2-Interpolations-array" count="37"><param type="name"/></accessor></technique_common></source><sampler id="swat_Spine2-Matrix-animation-transform"><input semantic="INPUT" source="#swat_Spine2-Matrix-animation-input"/><input semantic="OUTPUT" source="#swat_Spine2-Matrix-animation-output-transform"/><input semantic="INTERPOLATION" source="#swat_Spine2-Interpolations"/></sampler><channel source="#swat_Spine2-Matrix-animation-transform" target="swat_Spine2/matrix"/></animation>
    <animation id="swat_Neck-anim" name="swat_Neck"><source id="swat_Neck-Matrix-animation-input"><float_array id="swat_Neck-Matrix-animation-input-array" count="37">

0.000000 0.033333 0.066667 0.100000 0.133333 0.166667 0.200000 0.233333 0.266667 0.300000 0.333333 0.366667 0.400000 0.433333 0.466667 0.500000
0.533333 0.566667 0.600000 0.633333 0.666667 0.700000 0.733333 0.766667 0.800000 0.833333 0.866667 0.900000 0.933333 0.966667 1.000000 1.033333
1.066667 1.100000 1.133333 1.166667 1.200000</float_array><technique_common><accessor source="#swat_Neck-Matrix-animation-input-array" count="37"><param name="TIME" type="float"/></accessor></technique_common></source><source id="swat_Neck-Matrix-animation-output-transform"><float_array id="swat_Neck-Matrix-animation-output-transform-array" count="592">

0.999991 -0.002333 -0.003643 -0.000000 0.002367 0.999954 0.009336 13.877400 0.003621 -0.009344 0.999950 -4.354200 0.000000 0.000000 0.000000 1.000000
0.999992 -0.002914 -0.002638 -0.000000 0.002937 0.999955 0.009009 13.877400 0.002611 -0.009017 0.999956 -4.354200 0.000000 0.000000 0.000000 1.000000
0.999991 -0.003786 -0.001774 0.000000 0.003801 0.999956 0.008563 13.877400 0.001741 -0.008570 0.999962 -4.354200 0.000000 0.000000 0.000000 1.000000
0.999989 -0.004616 -0.000851 0.000000 0.004622 0.999958 0.007956 13.877400 0.000814 -0.007960 0.999968 -4.354200 0.000000 0.000000 0.000000 1.000000
0.999986 -0.005284 0.000050 -0.000000 0.005283 0.999958 0.007472 13.877400 -0.000090 -0.007471 0.999972 -4.354200 0.000000 0.000000 0.000000 1.000000
0.999985 -0.005322 0.000843 0.000000 0.005316 0.999961 0.006993 13.877400 -0.000880 -0.006989 0.999975 -4.354200 0.000000 0.000000 0.000000 1.000000
0.999986 -0.005164 0.001373 0.000000 0.005155 0.999964 0.006784 13.877400 -0.001408 -0.006777 0.999976 -4.354200 0.000000 0.000000 0.000000 1.000000
0.999987 -0.004964 0.001425 -0.000000 0.004954 0.999960 0.007403 13.877400 -0.001462 -0.007395 0.999972 -4.354200 0.000000 0.000000 0.000000 1.000000
0.999988 -0.004683 0.001097 0.000000 0.004673 0.999950 0.008889 13.877400 -0.001139 -0.008884 0.999960 -4.354200 0.000000 0.000000 0.000000 1.000000
0.999988 -0.004817 0.000710 0.000000 0.004809 0.999928 0.010955 13.877400 -0.000763 -0.010951 0.999940 -4.354200 0.000000 0.000000 0.000000 1.000000
0.999990 -0.004486 0.000323 0.000000 0.004481 0.999904 0.013104 13.877400 -0.000381 -0.013103 0.999914 -4.354200 0.000000 0.000000 0.000000 1.000000
0.999991 -0.004087 -0.000712 0.000000 0.004097 0.999877 0.015128 13.877400 0.000650 -0.015131 0.999885 -4.354200 0.000000 0.000000 0.000000 1.000000
0.999988 -0.004552 -0.001601 0.000000 0.004578 0.999858 0.016206 13.877400 0.001527 -0.016213 0.999867 -4.354200 0.000000 0.000000 0.000000 1.000000
0.999989 -0.004286 -0.002112 0.000000 0.004319 0.999869 0.015602 13.877400 0.002044 -0.015611 0.999876 -4.354200 0.000000 0.000000 0.000000 1.000000
0.999990 -0.003793 -0.002509 -0.000000 0.003828 0.999894 0.014072 13.877400 0.002455 -0.014082 0.999898 -4.354200 0.000000 0.000000 0.000000 1.000000
0.999988 -0.004034 -0.002927 0.000000 0.004072 0.999909 0.012890 13.877400 0.002875 -0.012902 0.999913 -4.354200 0.000000 0.000000 0.000000 1.000000
0.999983 -0.004492 -0.003700 -0.000000 0.004537 0.999912 0.012434 13.877400 0.003644 -0.012451 0.999916 -4.354200 0.000000 0.000000 0.000000 1.000000
0.999980 -0.004368 -0.004663 0.000000 0.004427 0.999910 0.012691 13.877400 0.004607 -0.012712 0.999909 -4.354200 0.000000 0.000000 0.000000 1.000000
0.999978 -0.003684 -0.005574 0.000000 0.003755 0.999910 0.012856 13.877400 0.005527 -0.012877 0.999902 -4.354200 0.000000 0.000000 0.000000 1.000000
0.999975 -0.003013 -0.006399 0.000000 0.003093 0.999917 0.012501 13.877400 0.006360 -0.012520 0.999901 -4.354200 0.000000 0.000000 0.000000 1.000000
0.999971 -0.002143 -0.007362 0.000000 0.002231 0.999927 0.011852 13.877400 0.007337 -0.011868 0.999903 -4.354200 0.000000 0.000000 0.000000 1.000000
0.999963 -0.001308 -0.008461 0.000000 0.001403 0.999935 0.011302 13.877400 0.008446 -0.011314 0.999900 -4.354200 0.000000 0.000000 0.000000 1.000000
0.999953 -0.001010 -0.009619 0.000000 0.001113 0.999942 0.010704 13.877400 0.009608 -0.010714 0.999896 -4.354200 0.000000 0.000000 0.000000 1.000000
0.999942 -0.000808 -0.010758 -0.000000 0.000920 0.999945 0.010409 13.877400 0.010749 -0.010419 0.999888 -4.354200 0.000000 0.000000 0.000000 1.000000
0.999931 -0.000810 -0.011761 0.000000 0.000939 0.999939 0.010993 13.877400 0.011752 -0.011003 0.999870 -4.354200 0.000000 0.000000 0.000000 1.000000
0.999921 -0.001216 -0.012491 0.000000 0.001364 0.999929 0.011855 13.877400 0.012476 -0.011871 0.999852 -4.354200 0.000000 0.000000 0.000000 1.000000
0.999920 -0.001449 -0.012604 -0.000000 0.001608 0.999919 0.012634 13.877400 0.012585 -0.012653 0.999841 -4.354200 0.000000 0.000000 0.000000 1.000000
0.999925 -0.001867 -0.012073 -0.000000 0.002029 0.999908 0.013417 13.877400 0.012046 -0.013440 0.999837 -4.354200 0.000000 0.000000 0.000000 1.000000
0.999934 -0.002595 -0.011223 0.000000 0.002753 0.999898 0.014047 13.877400 0.011186 -0.014077 0.999838 -4.354200 0.000000 0.000000 0.000000 1.000000
0.999945 -0.003037 -0.010022 0.000000 0.003178 0.999895 0.014113 13.877400 0.009978 -0.014144 0.999850 -4.354200 0.000000 0.000000 0.000000 1.000000
0.999956 -0.003629 -0.008641 0.000000 0.003750 0.999896 0.013950 13.877400 0.008589 -0.013982 0.999865 -4.354200 0.000000 0.000000 0.000000 1.000000
0.999962 -0.004404 -0.007588 0.000000 0.004510 0.999893 0.013895 13.877400 0.007526 -0.013929 0.999875 -4.354200 0.000000 0.000000 0.000000 1.000000
0.999963 -0.004786 -0.007134 -0.000000 0.004880 0.999902 0.013150 13.877400 0.007070 -0.013185 0.999888 -4.354200 0.000000 0.000000 0.000000 1.000000
0.999967 -0.004615 -0.006713 -0.000000 0.004693 0.999921 0.011693 13.877400 0.006659 -0.011724 0.999909 -4.354200 0.000000 0.000000 0.000000 1.000000
0.999974 -0.003995 -0.005960 0.000000 0.004057 0.999938 0.010373 13.877400 0.005918 -0.010397 0.999928 -4.354200 0.000000 0.000000 0.000000 1.000000
0.999982 -0.002987 -0.005141 -0.000000 0.003036 0.999949 0.009615 13.877400 0.005112 -0.009630 0.999941 -4.354200 0.000000 0.000000 0.000000 1.000000
0.999989 -0.002339 -0.004184 0.000000 0.002378 0.999954 0.009332 13.877400 0.004162 -0.009342 0.999948 -4.354200 0.000000 0.000000 0.000000 1.000000</float_array><technique_common><accessor source="#swat_Neck-Matrix-animation-output-transform-array" count="37" stride="16"><param type="float4x4"/></accessor></technique_common></source><source id="swat_Neck-Interpolations"><Name_array id="swat_Neck-Interpolations-array" count="37">
 LINEAR LINEAR LINEAR LINEAR LINEAR LINEAR LINEAR LINEAR LINEAR LINEAR LINEAR
LINEAR LINEAR LINEAR LINEAR LINEAR LINEAR LINEAR LINEAR LINEAR LINEAR LINEAR LINEAR
LINEAR LINEAR LINEAR LINEAR LINEAR LINEAR LINEAR LINEAR LINEAR LINEAR LINEAR LINEAR
LINEAR LINEAR</Name_array><technique_common><accessor source="#swat_Neck-Interpolations-array" count="37"><param type="name"/></accessor></technique_common></source><sampler id="swat_Neck-Matrix-animation-transform"><input semantic="INPUT" source="#swat_Neck-Matrix-animation-input"/><input semantic="OUTPUT" source="#swat_Neck-Matrix-animation-output-transform"/><input semantic="INTERPOLATION" source="#swat_Neck-Interpolations"/></sampler><channel source="#swat_Neck-Matrix-animation-transform" target="swat_Neck/matrix"/></animation>
    <animation id="swat_Neck1-anim" name="swat_Neck1"><source id="swat_Neck1-Matrix-animation-input"><float_array id="swat_Neck1-Matrix-animation-input-array" count="37">

0.000000 0.033333 0.066667 0.100000 0.133333 0.166667 0.200000 0.233333 0.266667 0.300000 0.333333 0.366667 0.400000 0.433333 0.466667 0.500000
0.533333 0.566667 0.600000 0.633333 0.666667 0.700000 0.733333 0.766667 0.800000 0.833333 0.866667 0.900000 0.933333 0.966667 1.000000 1.033333
1.066667 1.100000 1.133333 1.166667 1.200000</float_array><technique_common><accessor source="#swat_Neck1-Matrix-animation-input-array" count="37"><param name="TIME" type="float"/></accessor></technique_common></source><source id="swat_Neck1-Matrix-animation-output-transform"><float_array id="swat_Neck1-Matrix-animation-output-transform-array" count="592">

0.999991 -0.002333 -0.003643 0.000000 0.002367 0.999954 0.009336 4.340000 0.003621 -0.009344 0.999950 0.926900 0.000000 0.000000 0.000000 1.000000
0.999992 -0.002914 -0.002638 0.000000 0.002937 0.999955 0.009009 4.340000 0.002611 -0.009016 0.999956 0.926900 0.000000 0.000000 0.000000 1.000000
0.999991 -0.003786 -0.001774 -0.000000 0.003802 0.999956 0.008562 4.340000 0.001741 -0.008568 0.999962 0.926900 0.000000 0.000000 0.000000 1.000000
0.999989 -0.004616 -0.000851 -0.000000 0.004622 0.999958 0.007956 4.340000 0.000814 -0.007959 0.999968 0.926900 0.000000 0.000000 0.000000 1.000000
0.999986 -0.005284 0.000050 0.000000 0.005283 0.999958 0.007471 4.340000 -0.000090 -0.007471 0.999972 0.926900 0.000000 0.000000 0.000000 1.000000
0.999985 -0.005322 0.000843 0.000000 0.005316 0.999961 0.006993 4.340000 -0.000880 -0.006988 0.999975 0.926900 0.000000 0.000000 0.000000 1.000000
0.999986 -0.005164 0.001373 0.000000 0.005155 0.999964 0.006783 4.340000 -0.001408 -0.006776 0.999976 0.926900 0.000000 0.000000 0.000000 1.000000
0.999987 -0.004964 0.001425 0.000000 0.004954 0.999960 0.007403 4.340000 -0.001462 -0.007395 0.999972 0.926900 0.000000 0.000000 0.000000 1.000000
0.999988 -0.004683 0.001097 0.000000 0.004673 0.999950 0.008888 4.340000 -0.001139 -0.008883 0.999960 0.926900 0.000000 0.000000 0.000000 1.000000
0.999988 -0.004817 0.000710 0.000000 0.004809 0.999928 0.010954 4.340000 -0.000763 -0.010951 0.999940 0.926900 0.000000 0.000000 0.000000 1.000000
0.999990 -0.004486 0.000323 0.000000 0.004481 0.999904 0.013104 4.340000 -0.000381 -0.013103 0.999914 0.926900 0.000000 0.000000 0.000000 1.000000
